7,2,43,12,5,11,5,0,0,54,20,29,17, -1.0
7,2,43,12,5,11,5,1,0,54,20,29,17, -1.0
7,2,43,12,5,11,5,2,0,54,20,29,17, 1.0
7,2,43,12,5,11,5,3,0,54,20,29,17, 1.0
7,2,43,12,5,11,5,4,0,54,20,29,17, 1.0
2,5,27,2,4,9,5,0,1,46,10,46,21, -1.0
2,5,27,2,4,9,5,1,1,46,10,46,21, -1.0
2,5,27,2,4,9,5,2,1,46,10,46,21, -1.0
2,5,27,2,4,9,5,3,1,46,10,46,21, 1.0
2,5,27,2,4,9,5,4,1,46,10,46,21, 1.0
8,6,66,13,4,9,1,0,1,5,25,65,2, -1.0
8,6,66,13,4,9,1,1,1,5,25,65,2, -1.0
8,6,66,13,4,9,1,2,1,5,25,65,2, -1.0
8,6,66,13,4,9,1,3,1,5,25,65,2, 1.0
8,6,66,13,4,9,1,4,1,5,25,65,2, 1.0
2,1,57,4,4,4,3,0,1,25,35,37,12, -1.0
2,1,57,4,4,4,3,1,1,25,35,37,12, -1.0
2,1,57,4,4,4,3,2,1,25,35,37,12, 1.0
2,1,57,4,4,4,3,3,1,25,35,37,12, 1.0
2,1,57,4,4,4,3,4,1,25,35,37,12, 1.0
7,4,24,8,6,3,4,0,0,29,19,85,35, -1.0
7,4,24,8,6,3,4,1,0,29,19,85,35, -1.0
7,4,24,8,6,3,4,2,0,29,19,85,35, -1.0
7,4,24,8,6,3,4,3,0,29,19,85,35, 1.0
7,4,24,8,6,3,4,4,0,29,19,85,35, 1.0
8,2,11,7,4,13,2,0,0,14,28,32,13, -1.0
8,2,11,7,4,13,2,1,0,14,28,32,13, -1.0
8,2,11,7,4,13,2,2,0,14,28,32,13, -1.0
8,2,11,7,4,13,2,3,0,14,28,32,13, -1.0
8,2,11,7,4,13,2,4,0,14,28,32,13, 1.0
5,4,52,8,2,3,5,0,0,26,27,37,2, 1.0
5,4,52,8,2,3,5,1,0,26,27,37,2, 1.0
5,4,52,8,2,3,5,2,0,26,27,37,2, 1.0
5,4,52,8,2,3,5,3,0,26,27,37,2, 1.0
5,4,52,8,2,3,5,4,0,26,27,37,2, 1.0
5,4,28,2,1,4,3,0,0,9,33,92,7, 1.0
5,4,28,2,1,4,3,1,0,9,33,92,7, 1.0
5,4,28,2,1,4,3,2,0,9,33,92,7, 1.0
5,4,28,2,1,4,3,3,0,9,33,92,7, 1.0
5,4,28,2,1,4,3,4,0,9,33,92,7, 1.0
0,6,21,9,6,8,2,0,0,70,35,22,14, 1.0
0,6,21,9,6,8,2,1,0,70,35,22,14, 1.0
0,6,21,9,6,8,2,2,0,70,35,22,14, 1.0
0,6,21,9,6,8,2,3,0,70,35,22,14, 1.0
0,6,21,9,6,8,2,4,0,70,35,22,14, 1.0
5,1,20,11,1,8,5,0,0,81,2,13,5, 1.0
5,1,20,11,1,8,5,1,0,81,2,13,5, 1.0
5,1,20,11,1,8,5,2,0,81,2,13,5, 1.0
5,1,20,11,1,8,5,3,0,81,2,13,5, 1.0
5,1,20,11,1,8,5,4,0,81,2,13,5, 1.0
3,7,46,10,3,7,2,0,1,99,16,91,11, 1.0
3,7,46,10,3,7,2,1,1,99,16,91,11, 1.0
3,7,46,10,3,7,2,2,1,99,16,91,11, 1.0
3,7,46,10,3,7,2,3,1,99,16,91,11, 1.0
3,7,46,10,3,7,2,4,1,99,16,91,11, 1.0
6,3,67,8,6,13,3,0,1,44,29,42,34, -1.0
6,3,67,8,6,13,3,1,1,44,29,42,34, -1.0
6,3,67,8,6,13,3,2,1,44,29,42,34, -1.0
6,3,67,8,6,13,3,3,1,44,29,42,34, -1.0
6,3,67,8,6,13,3,4,1,44,29,42,34, -1.0
4,5,37,1,1,4,4,0,1,92,22,43,15, 1.0
4,5,37,1,1,4,4,1,1,92,22,43,15, 1.0
4,5,37,1,1,4,4,2,1,92,22,43,15, 1.0
4,5,37,1,1,4,4,3,1,92,22,43,15, 1.0
4,5,37,1,1,4,4,4,1,92,22,43,15, 1.0
8,5,63,7,2,6,4,0,1,70,37,41,26, 1.0
8,5,63,7,2,6,4,1,1,70,37,41,26, 1.0
8,5,63,7,2,6,4,2,1,70,37,41,26, 1.0
8,5,63,7,2,6,4,3,1,70,37,41,26, 1.0
8,5,63,7,2,6,4,4,1,70,37,41,26, 1.0
9,2,8,8,3,9,4,0,1,83,33,2,5, 1.0
9,2,8,8,3,9,4,1,1,83,33,2,5, 1.0
9,2,8,8,3,9,4,2,1,83,33,2,5, 1.0
9,2,8,8,3,9,4,3,1,83,33,2,5, 1.0
9,2,8,8,3,9,4,4,1,83,33,2,5, 1.0
0,1,28,5,6,4,0,0,1,87,36,82,24, 1.0
0,1,28,5,6,4,0,1,1,87,36,82,24, 1.0
0,1,28,5,6,4,0,2,1,87,36,82,24, 1.0
0,1,28,5,6,4,0,3,1,87,36,82,24, 1.0
0,1,28,5,6,4,0,4,1,87,36,82,24, 1.0
9,6,61,5,6,10,1,0,1,97,21,69,37, 1.0
9,6,61,5,6,10,1,1,1,97,21,69,37, 1.0
9,6,61,5,6,10,1,2,1,97,21,69,37, 1.0
9,6,61,5,6,10,1,3,1,97,21,69,37, 1.0
9,6,61,5,6,10,1,4,1,97,21,69,37, 1.0
8,2,62,2,6,11,1,0,0,67,28,13,32, 1.0
8,2,62,2,6,11,1,1,0,67,28,13,32, 1.0
8,2,62,2,6,11,1,2,0,67,28,13,32, 1.0
8,2,62,2,6,11,1,3,0,67,28,13,32, 1.0
8,2,62,2,6,11,1,4,0,67,28,13,32, 1.0
0,5,53,7,2,3,5,0,1,82,11,51,14, 1.0
0,5,53,7,2,3,5,1,1,82,11,51,14, 1.0
0,5,53,7,2,3,5,2,1,82,11,51,14, 1.0
0,5,53,7,2,3,5,3,1,82,11,51,14, 1.0
0,5,53,7,2,3,5,4,1,82,11,51,14, 1.0
1,0,47,11,3,12,2,0,0,80,35,49,26, 1.0
1,0,47,11,3,12,2,1,0,80,35,49,26, 1.0
1,0,47,11,3,12,2,2,0,80,35,49,26, 1.0
1,0,47,11,3,12,2,3,0,80,35,49,26, 1.0
1,0,47,11,3,12,2,4,0,80,35,49,26, 1.0
1,2,18,2,6,3,4,0,1,17,20,75,0, -1.0
1,2,18,2,6,3,4,1,1,17,20,75,0, -1.0
1,2,18,2,6,3,4,2,1,17,20,75,0, -1.0
1,2,18,2,6,3,4,3,1,17,20,75,0, -1.0
1,2,18,2,6,3,4,4,1,17,20,75,0, -1.0
1,0,29,10,2,9,3,0,1,66,19,62,25, 1.0
1,0,29,10,2,9,3,1,1,66,19,62,25, 1.0
1,0,29,10,2,9,3,2,1,66,19,62,25, 1.0
1,0,29,10,2,9,3,3,1,66,19,62,25, 1.0
1,0,29,10,2,9,3,4,1,66,19,62,25, 1.0
8,3,38,10,3,12,2,0,0,99,0,77,19, 1.0
8,3,38,10,3,12,2,1,0,99,0,77,19, 1.0
8,3,38,10,3,12,2,2,0,99,0,77,19, 1.0
8,3,38,10,3,12,2,3,0,99,0,77,19, 1.0
8,3,38,10,3,12,2,4,0,99,0,77,19, 1.0
1,7,62,2,3,6,5,0,1,63,21,30,21, 1.0
1,7,62,2,3,6,5,1,1,63,21,30,21, 1.0
1,7,62,2,3,6,5,2,1,63,21,30,21, 1.0
1,7,62,2,3,6,5,3,1,63,21,30,21, 1.0
1,7,62,2,3,6,5,4,1,63,21,30,21, 1.0
2,4,19,1,2,6,1,0,1,55,0,91,5, 1.0
2,4,19,1,2,6,1,1,1,55,0,91,5, 1.0
2,4,19,1,2,6,1,2,1,55,0,91,5, 1.0
2,4,19,1,2,6,1,3,1,55,0,91,5, 1.0
2,4,19,1,2,6,1,4,1,55,0,91,5, 1.0
7,5,19,3,5,0,2,0,1,85,11,62,14, 1.0
7,5,19,3,5,0,2,1,1,85,11,62,14, 1.0
7,5,19,3,5,0,2,2,1,85,11,62,14, 1.0
7,5,19,3,5,0,2,3,1,85,11,62,14, 1.0
7,5,19,3,5,0,2,4,1,85,11,62,14, 1.0
5,7,26,4,2,2,5,0,1,21,34,2,34, 1.0
5,7,26,4,2,2,5,1,1,21,34,2,34, 1.0
5,7,26,4,2,2,5,2,1,21,34,2,34, 1.0
5,7,26,4,2,2,5,3,1,21,34,2,34, 1.0
5,7,26,4,2,2,5,4,1,21,34,2,34, 1.0
6,4,43,12,6,7,4,0,1,27,24,61,7, -1.0
6,4,43,12,6,7,4,1,1,27,24,61,7, -1.0
6,4,43,12,6,7,4,2,1,27,24,61,7, -1.0
6,4,43,12,6,7,4,3,1,27,24,61,7, -1.0
6,4,43,12,6,7,4,4,1,27,24,61,7, -1.0
6,0,65,0,0,1,1,0,1,28,16,45,13, 1.0
6,0,65,0,0,1,1,1,1,28,16,45,13, 1.0
6,0,65,0,0,1,1,2,1,28,16,45,13, 1.0
6,0,65,0,0,1,1,3,1,28,16,45,13, 1.0
6,0,65,0,0,1,1,4,1,28,16,45,13, 1.0
7,0,57,13,4,7,1,0,0,99,14,41,10, 1.0
7,0,57,13,4,7,1,1,0,99,14,41,10, 1.0
7,0,57,13,4,7,1,2,0,99,14,41,10, 1.0
7,0,57,13,4,7,1,3,0,99,14,41,10, 1.0
7,0,57,13,4,7,1,4,0,99,14,41,10, 1.0
8,6,16,5,4,4,3,0,0,16,2,82,19, 1.0
8,6,16,5,4,4,3,1,0,16,2,82,19, 1.0
8,6,16,5,4,4,3,2,0,16,2,82,19, 1.0
8,6,16,5,4,4,3,3,0,16,2,82,19, 1.0
8,6,16,5,4,4,3,4,0,16,2,82,19, 1.0
7,5,58,10,2,5,3,0,0,83,5,35,30, 1.0
7,5,58,10,2,5,3,1,0,83,5,35,30, 1.0
7,5,58,10,2,5,3,2,0,83,5,35,30, 1.0
7,5,58,10,2,5,3,3,0,83,5,35,30, 1.0
7,5,58,10,2,5,3,4,0,83,5,35,30, 1.0
1,7,11,12,5,3,0,0,0,6,28,30,13, -1.0
1,7,11,12,5,3,0,1,0,6,28,30,13, -1.0
1,7,11,12,5,3,0,2,0,6,28,30,13, -1.0
1,7,11,12,5,3,0,3,0,6,28,30,13, -1.0
1,7,11,12,5,3,0,4,0,6,28,30,13, -1.0
3,0,36,6,3,6,4,0,0,28,8,15,4, -1.0
3,0,36,6,3,6,4,1,0,28,8,15,4, -1.0
3,0,36,6,3,6,4,2,0,28,8,15,4, -1.0
3,0,36,6,3,6,4,3,0,28,8,15,4, -1.0
3,0,36,6,3,6,4,4,0,28,8,15,4, -1.0
0,1,29,12,1,13,3,0,0,8,23,86,31, 1.0
0,1,29,12,1,13,3,1,0,8,23,86,31, 1.0
0,1,29,12,1,13,3,2,0,8,23,86,31, 1.0
0,1,29,12,1,13,3,3,0,8,23,86,31, 1.0
0,1,29,12,1,13,3,4,0,8,23,86,31, 1.0
2,3,46,12,0,6,1,0,1,87,18,88,20, 1.0
2,3,46,12,0,6,1,1,1,87,18,88,20, 1.0
2,3,46,12,0,6,1,2,1,87,18,88,20, 1.0
2,3,46,12,0,6,1,3,1,87,18,88,20, 1.0
2,3,46,12,0,6,1,4,1,87,18,88,20, 1.0
3,5,37,1,1,10,1,0,1,59,19,6,39, 1.0
3,5,37,1,1,10,1,1,1,59,19,6,39, 1.0
3,5,37,1,1,10,1,2,1,59,19,6,39, 1.0
3,5,37,1,1,10,1,3,1,59,19,6,39, 1.0
3,5,37,1,1,10,1,4,1,59,19,6,39, 1.0
7,4,15,13,3,11,4,0,1,93,25,67,34, 1.0
7,4,15,13,3,11,4,1,1,93,25,67,34, 1.0
7,4,15,13,3,11,4,2,1,93,25,67,34, 1.0
7,4,15,13,3,11,4,3,1,93,25,67,34, 1.0
7,4,15,13,3,11,4,4,1,93,25,67,34, 1.0
3,6,17,15,2,4,5,0,1,1,27,76,29, 1.0
3,6,17,15,2,4,5,1,1,1,27,76,29, 1.0
3,6,17,15,2,4,5,2,1,1,27,76,29, 1.0
3,6,17,15,2,4,5,3,1,1,27,76,29, 1.0
3,6,17,15,2,4,5,4,1,1,27,76,29, 1.0
9,5,3,2,6,3,5,0,1,34,15,63,3, 1.0
9,5,3,2,6,3,5,1,1,34,15,63,3, 1.0
9,5,3,2,6,3,5,2,1,34,15,63,3, 1.0
9,5,3,2,6,3,5,3,1,34,15,63,3, 1.0
9,5,3,2,6,3,5,4,1,34,15,63,3, 1.0
4,3,15,2,3,7,0,0,1,98,34,29,2, 1.0
4,3,15,2,3,7,0,1,1,98,34,29,2, 1.0
4,3,15,2,3,7,0,2,1,98,34,29,2, 1.0
4,3,15,2,3,7,0,3,1,98,34,29,2, 1.0
4,3,15,2,3,7,0,4,1,98,34,29,2, 1.0
1,3,34,6,6,1,3,0,1,39,21,63,19, -1.0
1,3,34,6,6,1,3,1,1,39,21,63,19, -1.0
1,3,34,6,6,1,3,2,1,39,21,63,19, -1.0
1,3,34,6,6,1,3,3,1,39,21,63,19, -1.0
1,3,34,6,6,1,3,4,1,39,21,63,19, -1.0
6,3,9,8,2,0,0,0,1,11,32,90,11, 1.0
6,3,9,8,2,0,0,1,1,11,32,90,11, 1.0
6,3,9,8,2,0,0,2,1,11,32,90,11, 1.0
6,3,9,8,2,0,0,3,1,11,32,90,11, 1.0
6,3,9,8,2,0,0,4,1,11,32,90,11, 1.0
6,7,29,10,5,2,3,0,0,78,39,11,12, 1.0
6,7,29,10,5,2,3,1,0,78,39,11,12, 1.0
6,7,29,10,5,2,3,2,0,78,39,11,12, 1.0
6,7,29,10,5,2,3,3,0,78,39,11,12, 1.0
6,7,29,10,5,2,3,4,0,78,39,11,12, 1.0
2,5,17,6,5,1,1,0,1,77,12,20,26, 1.0
2,5,17,6,5,1,1,1,1,77,12,20,26, 1.0
2,5,17,6,5,1,1,2,1,77,12,20,26, 1.0
2,5,17,6,5,1,1,3,1,77,12,20,26, 1.0
2,5,17,6,5,1,1,4,1,77,12,20,26, 1.0
9,5,67,2,0,9,4,0,1,82,29,12,10, 1.0
9,5,67,2,0,9,4,1,1,82,29,12,10, 1.0
9,5,67,2,0,9,4,2,1,82,29,12,10, 1.0
9,5,67,2,0,9,4,3,1,82,29,12,10, 1.0
9,5,67,2,0,9,4,4,1,82,29,12,10, 1.0
6,1,30,9,6,1,1,0,1,43,33,1,29, 1.0
6,1,30,9,6,1,1,1,1,43,33,1,29, 1.0
6,1,30,9,6,1,1,2,1,43,33,1,29, 1.0
6,1,30,9,6,1,1,3,1,43,33,1,29, 1.0
6,1,30,9,6,1,1,4,1,43,33,1,29, 1.0
5,5,19,13,2,10,3,0,0,83,7,87,30, 1.0
5,5,19,13,2,10,3,1,0,83,7,87,30, 1.0
5,5,19,13,2,10,3,2,0,83,7,87,30, 1.0
5,5,19,13,2,10,3,3,0,83,7,87,30, 1.0
5,5,19,13,2,10,3,4,0,83,7,87,30, 1.0
7,5,65,12,3,6,3,0,0,45,29,23,4, 1.0
7,5,65,12,3,6,3,1,0,45,29,23,4, 1.0
7,5,65,12,3,6,3,2,0,45,29,23,4, 1.0
7,5,65,12,3,6,3,3,0,45,29,23,4, 1.0
7,5,65,12,3,6,3,4,0,45,29,23,4, 1.0
7,0,25,7,2,4,3,0,1,58,34,76,23, 1.0
7,0,25,7,2,4,3,1,1,58,34,76,23, 1.0
7,0,25,7,2,4,3,2,1,58,34,76,23, 1.0
7,0,25,7,2,4,3,3,1,58,34,76,23, 1.0
7,0,25,7,2,4,3,4,1,58,34,76,23, 1.0
8,5,27,14,0,2,5,0,0,77,14,86,2, 1.0
8,5,27,14,0,2,5,1,0,77,14,86,2, 1.0
8,5,27,14,0,2,5,2,0,77,14,86,2, 1.0
8,5,27,14,0,2,5,3,0,77,14,86,2, 1.0
8,5,27,14,0,2,5,4,0,77,14,86,2, 1.0
9,4,8,9,1,0,0,0,1,2,8,48,7, 1.0
9,4,8,9,1,0,0,1,1,2,8,48,7, 1.0
9,4,8,9,1,0,0,2,1,2,8,48,7, 1.0
9,4,8,9,1,0,0,3,1,2,8,48,7, 1.0
9,4,8,9,1,0,0,4,1,2,8,48,7, 1.0
2,5,51,8,4,4,0,0,0,97,4,4,33, 1.0
2,5,51,8,4,4,0,1,0,97,4,4,33, 1.0
2,5,51,8,4,4,0,2,0,97,4,4,33, 1.0
2,5,51,8,4,4,0,3,0,97,4,4,33, 1.0
2,5,51,8,4,4,0,4,0,97,4,4,33, 1.0
0,2,16,6,4,6,3,0,0,12,1,38,29, -1.0
0,2,16,6,4,6,3,1,0,12,1,38,29, -1.0
0,2,16,6,4,6,3,2,0,12,1,38,29, -1.0
0,2,16,6,4,6,3,3,0,12,1,38,29, -1.0
0,2,16,6,4,6,3,4,0,12,1,38,29, -1.0
4,2,6,4,6,7,5,0,1,21,8,66,36, -1.0
4,2,6,4,6,7,5,1,1,21,8,66,36, -1.0
4,2,6,4,6,7,5,2,1,21,8,66,36, -1.0
4,2,6,4,6,7,5,3,1,21,8,66,36, -1.0
4,2,6,4,6,7,5,4,1,21,8,66,36, -1.0
6,7,36,3,6,1,4,0,1,82,4,0,31, 1.0
6,7,36,3,6,1,4,1,1,82,4,0,31, 1.0
6,7,36,3,6,1,4,2,1,82,4,0,31, 1.0
6,7,36,3,6,1,4,3,1,82,4,0,31, 1.0
6,7,36,3,6,1,4,4,1,82,4,0,31, 1.0
4,1,2,9,1,3,0,0,0,43,30,65,11, 1.0
4,1,2,9,1,3,0,1,0,43,30,65,11, 1.0
4,1,2,9,1,3,0,2,0,43,30,65,11, 1.0
4,1,2,9,1,3,0,3,0,43,30,65,11, 1.0
4,1,2,9,1,3,0,4,0,43,30,65,11, 1.0
2,4,2,8,1,0,5,0,0,28,29,36,28, 1.0
2,4,2,8,1,0,5,1,0,28,29,36,28, 1.0
2,4,2,8,1,0,5,2,0,28,29,36,28, 1.0
2,4,2,8,1,0,5,3,0,28,29,36,28, 1.0
2,4,2,8,1,0,5,4,0,28,29,36,28, 1.0
5,1,61,0,5,3,1,0,1,77,13,40,37, 1.0
5,1,61,0,5,3,1,1,1,77,13,40,37, 1.0
5,1,61,0,5,3,1,2,1,77,13,40,37, 1.0
5,1,61,0,5,3,1,3,1,77,13,40,37, 1.0
5,1,61,0,5,3,1,4,1,77,13,40,37, 1.0
5,6,9,9,3,9,1,0,1,18,21,44,25, 1.0
5,6,9,9,3,9,1,1,1,18,21,44,25, 1.0
5,6,9,9,3,9,1,2,1,18,21,44,25, 1.0
5,6,9,9,3,9,1,3,1,18,21,44,25, 1.0
5,6,9,9,3,9,1,4,1,18,21,44,25, 1.0
7,4,66,14,3,10,1,0,0,32,7,75,20, 1.0
7,4,66,14,3,10,1,1,0,32,7,75,20, 1.0
7,4,66,14,3,10,1,2,0,32,7,75,20, 1.0
7,4,66,14,3,10,1,3,0,32,7,75,20, 1.0
7,4,66,14,3,10,1,4,0,32,7,75,20, 1.0
7,4,32,0,3,6,1,0,0,10,16,25,37, 1.0
7,4,32,0,3,6,1,1,0,10,16,25,37, 1.0
7,4,32,0,3,6,1,2,0,10,16,25,37, 1.0
7,4,32,0,3,6,1,3,0,10,16,25,37, 1.0
7,4,32,0,3,6,1,4,0,10,16,25,37, 1.0
6,3,42,6,5,3,2,0,1,77,34,61,22, 1.0
6,3,42,6,5,3,2,1,1,77,34,61,22, 1.0
6,3,42,6,5,3,2,2,1,77,34,61,22, 1.0
6,3,42,6,5,3,2,3,1,77,34,61,22, 1.0
6,3,42,6,5,3,2,4,1,77,34,61,22, 1.0
6,0,25,4,2,10,1,0,1,78,5,42,10, 1.0
6,0,25,4,2,10,1,1,1,78,5,42,10, 1.0
6,0,25,4,2,10,1,2,1,78,5,42,10, 1.0
6,0,25,4,2,10,1,3,1,78,5,42,10, 1.0
6,0,25,4,2,10,1,4,1,78,5,42,10, 1.0
0,1,7,0,3,2,0,0,0,31,16,40,27, 1.0
0,1,7,0,3,2,0,1,0,31,16,40,27, 1.0
0,1,7,0,3,2,0,2,0,31,16,40,27, 1.0
0,1,7,0,3,2,0,3,0,31,16,40,27, 1.0
0,1,7,0,3,2,0,4,0,31,16,40,27, 1.0
9,5,69,2,2,13,4,0,0,17,15,7,20, -1.0
9,5,69,2,2,13,4,1,0,17,15,7,20, -1.0
9,5,69,2,2,13,4,2,0,17,15,7,20, -1.0
9,5,69,2,2,13,4,3,0,17,15,7,20, -1.0
9,5,69,2,2,13,4,4,0,17,15,7,20, -1.0
4,3,62,3,6,3,2,0,0,5,34,21,1, -1.0
4,3,62,3,6,3,2,1,0,5,34,21,1, -1.0
4,3,62,3,6,3,2,2,0,5,34,21,1, -1.0
4,3,62,3,6,3,2,3,0,5,34,21,1, -1.0
4,3,62,3,6,3,2,4,0,5,34,21,1, -1.0
5,6,10,9,6,12,4,0,1,73,24,1,21, 1.0
5,6,10,9,6,12,4,1,1,73,24,1,21, 1.0
5,6,10,9,6,12,4,2,1,73,24,1,21, 1.0
5,6,10,9,6,12,4,3,1,73,24,1,21, 1.0
5,6,10,9,6,12,4,4,1,73,24,1,21, 1.0
7,3,55,4,2,1,0,0,0,15,26,82,37, 1.0
7,3,55,4,2,1,0,1,0,15,26,82,37, 1.0
7,3,55,4,2,1,0,2,0,15,26,82,37, 1.0
7,3,55,4,2,1,0,3,0,15,26,82,37, 1.0
7,3,55,4,2,1,0,4,0,15,26,82,37, 1.0
4,5,22,15,6,9,1,0,0,48,14,4,23, -1.0
4,5,22,15,6,9,1,1,0,48,14,4,23, -1.0
4,5,22,15,6,9,1,2,0,48,14,4,23, -1.0
4,5,22,15,6,9,1,3,0,48,14,4,23, -1.0
4,5,22,15,6,9,1,4,0,48,14,4,23, -1.0
7,2,1,10,2,4,4,0,0,37,22,48,5, 1.0
7,2,1,10,2,4,4,1,0,37,22,48,5, 1.0
7,2,1,10,2,4,4,2,0,37,22,48,5, 1.0
7,2,1,10,2,4,4,3,0,37,22,48,5, 1.0
7,2,1,10,2,4,4,4,0,37,22,48,5, 1.0
8,4,28,14,1,10,5,0,1,53,5,20,30, 1.0
8,4,28,14,1,10,5,1,1,53,5,20,30, 1.0
8,4,28,14,1,10,5,2,1,53,5,20,30, 1.0
8,4,28,14,1,10,5,3,1,53,5,20,30, 1.0
8,4,28,14,1,10,5,4,1,53,5,20,30, 1.0
1,6,30,3,4,4,4,0,0,12,11,57,38, -1.0
1,6,30,3,4,4,4,1,0,12,11,57,38, -1.0
1,6,30,3,4,4,4,2,0,12,11,57,38, -1.0
1,6,30,3,4,4,4,3,0,12,11,57,38, -1.0
1,6,30,3,4,4,4,4,0,12,11,57,38, -1.0
9,4,41,0,4,9,2,0,0,44,23,7,27, 1.0
9,4,41,0,4,9,2,1,0,44,23,7,27, 1.0
9,4,41,0,4,9,2,2,0,44,23,7,27, 1.0
9,4,41,0,4,9,2,3,0,44,23,7,27, 1.0
9,4,41,0,4,9,2,4,0,44,23,7,27, 1.0
7,0,62,1,6,5,2,0,1,70,9,82,19, 1.0
7,0,62,1,6,5,2,1,1,70,9,82,19, 1.0
7,0,62,1,6,5,2,2,1,70,9,82,19, 1.0
7,0,62,1,6,5,2,3,1,70,9,82,19, 1.0
7,0,62,1,6,5,2,4,1,70,9,82,19, 1.0
7,4,43,15,1,8,2,0,1,34,7,90,32, 1.0
7,4,43,15,1,8,2,1,1,34,7,90,32, 1.0
7,4,43,15,1,8,2,2,1,34,7,90,32, 1.0
7,4,43,15,1,8,2,3,1,34,7,90,32, 1.0
7,4,43,15,1,8,2,4,1,34,7,90,32, 1.0
0,4,38,8,1,3,4,0,0,97,15,25,7, 1.0
0,4,38,8,1,3,4,1,0,97,15,25,7, 1.0
0,4,38,8,1,3,4,2,0,97,15,25,7, 1.0
0,4,38,8,1,3,4,3,0,97,15,25,7, 1.0
0,4,38,8,1,3,4,4,0,97,15,25,7, 1.0
2,4,10,15,0,12,4,0,1,58,4,72,30, 1.0
2,4,10,15,0,12,4,1,1,58,4,72,30, 1.0
2,4,10,15,0,12,4,2,1,58,4,72,30, 1.0
2,4,10,15,0,12,4,3,1,58,4,72,30, 1.0
2,4,10,15,0,12,4,4,1,58,4,72,30, 1.0
0,2,14,7,2,9,3,0,0,2,6,39,8, -1.0
0,2,14,7,2,9,3,1,0,2,6,39,8, -1.0
0,2,14,7,2,9,3,2,0,2,6,39,8, -1.0
0,2,14,7,2,9,3,3,0,2,6,39,8, -1.0
0,2,14,7,2,9,3,4,0,2,6,39,8, -1.0
2,2,37,12,1,9,5,0,1,33,17,55,17, 1.0
2,2,37,12,1,9,5,1,1,33,17,55,17, 1.0
2,2,37,12,1,9,5,2,1,33,17,55,17, 1.0
2,2,37,12,1,9,5,3,1,33,17,55,17, 1.0
2,2,37,12,1,9,5,4,1,33,17,55,17, 1.0
9,7,13,12,1,0,4,0,0,19,27,89,6, 1.0
9,7,13,12,1,0,4,1,0,19,27,89,6, 1.0
9,7,13,12,1,0,4,2,0,19,27,89,6, 1.0
9,7,13,12,1,0,4,3,0,19,27,89,6, 1.0
9,7,13,12,1,0,4,4,0,19,27,89,6, 1.0
2,6,25,5,2,9,4,0,0,42,23,58,10, 1.0
2,6,25,5,2,9,4,1,0,42,23,58,10, 1.0
2,6,25,5,2,9,4,2,0,42,23,58,10, 1.0
2,6,25,5,2,9,4,3,0,42,23,58,10, 1.0
2,6,25,5,2,9,4,4,0,42,23,58,10, 1.0
4,6,3,7,6,12,5,0,1,34,1,78,26, -1.0
4,6,3,7,6,12,5,1,1,34,1,78,26, -1.0
4,6,3,7,6,12,5,2,1,34,1,78,26, -1.0
4,6,3,7,6,12,5,3,1,34,1,78,26, -1.0
4,6,3,7,6,12,5,4,1,34,1,78,26, -1.0
8,7,14,13,5,5,4,0,0,16,3,10,3, -1.0
8,7,14,13,5,5,4,1,0,16,3,10,3, -1.0
8,7,14,13,5,5,4,2,0,16,3,10,3, -1.0
8,7,14,13,5,5,4,3,0,16,3,10,3, -1.0
8,7,14,13,5,5,4,4,0,16,3,10,3, -1.0
2,5,19,2,3,3,2,0,1,83,34,48,35, 1.0
2,5,19,2,3,3,2,1,1,83,34,48,35, 1.0
2,5,19,2,3,3,2,2,1,83,34,48,35, 1.0
2,5,19,2,3,3,2,3,1,83,34,48,35, 1.0
2,5,19,2,3,3,2,4,1,83,34,48,35, 1.0
9,6,45,15,3,0,4,0,1,80,13,44,11, 1.0
9,6,45,15,3,0,4,1,1,80,13,44,11, 1.0
9,6,45,15,3,0,4,2,1,80,13,44,11, 1.0
9,6,45,15,3,0,4,3,1,80,13,44,11, 1.0
9,6,45,15,3,0,4,4,1,80,13,44,11, 1.0
4,3,58,12,6,0,3,0,0,82,25,76,32, 1.0
4,3,58,12,6,0,3,1,0,82,25,76,32, 1.0
4,3,58,12,6,0,3,2,0,82,25,76,32, 1.0
4,3,58,12,6,0,3,3,0,82,25,76,32, 1.0
4,3,58,12,6,0,3,4,0,82,25,76,32, 1.0
7,1,30,3,3,10,0,0,0,18,27,55,20, 1.0
7,1,30,3,3,10,0,1,0,18,27,55,20, 1.0
7,1,30,3,3,10,0,2,0,18,27,55,20, 1.0
7,1,30,3,3,10,0,3,0,18,27,55,20, 1.0
7,1,30,3,3,10,0,4,0,18,27,55,20, 1.0
3,1,37,7,3,1,3,0,1,49,23,4,14, 1.0
3,1,37,7,3,1,3,1,1,49,23,4,14, 1.0
3,1,37,7,3,1,3,2,1,49,23,4,14, 1.0
3,1,37,7,3,1,3,3,1,49,23,4,14, 1.0
3,1,37,7,3,1,3,4,1,49,23,4,14, 1.0
0,6,65,14,1,5,4,0,1,1,35,7,13, -1.0
0,6,65,14,1,5,4,1,1,1,35,7,13, -1.0
0,6,65,14,1,5,4,2,1,1,35,7,13, -1.0
0,6,65,14,1,5,4,3,1,1,35,7,13, -1.0
0,6,65,14,1,5,4,4,1,1,35,7,13, -1.0
0,3,9,9,0,9,0,0,0,59,1,80,9, 1.0
0,3,9,9,0,9,0,1,0,59,1,80,9, 1.0
0,3,9,9,0,9,0,2,0,59,1,80,9, 1.0
0,3,9,9,0,9,0,3,0,59,1,80,9, 1.0
0,3,9,9,0,9,0,4,0,59,1,80,9, 1.0
5,0,1,4,1,5,3,0,0,76,31,59,8, 1.0
5,0,1,4,1,5,3,1,0,76,31,59,8, 1.0
5,0,1,4,1,5,3,2,0,76,31,59,8, 1.0
5,0,1,4,1,5,3,3,0,76,31,59,8, 1.0
5,0,1,4,1,5,3,4,0,76,31,59,8, 1.0
6,2,64,8,3,6,4,0,0,11,10,34,23, -1.0
6,2,64,8,3,6,4,1,0,11,10,34,23, -1.0
6,2,64,8,3,6,4,2,0,11,10,34,23, -1.0
6,2,64,8,3,6,4,3,0,11,10,34,23, -1.0
6,2,64,8,3,6,4,4,0,11,10,34,23, -1.0
1,7,40,5,3,9,5,0,0,59,34,6,20, 1.0
1,7,40,5,3,9,5,1,0,59,34,6,20, 1.0
1,7,40,5,3,9,5,2,0,59,34,6,20, 1.0
1,7,40,5,3,9,5,3,0,59,34,6,20, 1.0
1,7,40,5,3,9,5,4,0,59,34,6,20, 1.0
8,1,67,1,5,1,1,0,0,66,37,19,20, 1.0
8,1,67,1,5,1,1,1,0,66,37,19,20, 1.0
8,1,67,1,5,1,1,2,0,66,37,19,20, 1.0
8,1,67,1,5,1,1,3,0,66,37,19,20, 1.0
8,1,67,1,5,1,1,4,0,66,37,19,20, 1.0
0,6,67,4,5,4,5,0,0,9,34,55,36, -1.0
0,6,67,4,5,4,5,1,0,9,34,55,36, -1.0
0,6,67,4,5,4,5,2,0,9,34,55,36, -1.0
0,6,67,4,5,4,5,3,0,9,34,55,36, -1.0
0,6,67,4,5,4,5,4,0,9,34,55,36, -1.0
4,3,8,3,3,12,3,0,0,54,22,44,3, 1.0
4,3,8,3,3,12,3,1,0,54,22,44,3, 1.0
4,3,8,3,3,12,3,2,0,54,22,44,3, 1.0
4,3,8,3,3,12,3,3,0,54,22,44,3, 1.0
4,3,8,3,3,12,3,4,0,54,22,44,3, 1.0
9,6,49,7,4,12,4,0,0,28,20,1,24, -1.0
9,6,49,7,4,12,4,1,0,28,20,1,24, -1.0
9,6,49,7,4,12,4,2,0,28,20,1,24, -1.0
9,6,49,7,4,12,4,3,0,28,20,1,24, -1.0
9,6,49,7,4,12,4,4,0,28,20,1,24, -1.0
2,0,19,15,0,0,2,0,0,26,10,3,6, 1.0
2,0,19,15,0,0,2,1,0,26,10,3,6, 1.0
2,0,19,15,0,0,2,2,0,26,10,3,6, 1.0
2,0,19,15,0,0,2,3,0,26,10,3,6, 1.0
2,0,19,15,0,0,2,4,0,26,10,3,6, 1.0
5,0,19,6,3,11,2,0,1,60,21,74,13, 1.0
5,0,19,6,3,11,2,1,1,60,21,74,13, 1.0
5,0,19,6,3,11,2,2,1,60,21,74,13, 1.0
5,0,19,6,3,11,2,3,1,60,21,74,13, 1.0
5,0,19,6,3,11,2,4,1,60,21,74,13, 1.0
4,6,66,0,0,7,4,0,1,74,0,26,38, 1.0
4,6,66,0,0,7,4,1,1,74,0,26,38, 1.0
4,6,66,0,0,7,4,2,1,74,0,26,38, 1.0
4,6,66,0,0,7,4,3,1,74,0,26,38, 1.0
4,6,66,0,0,7,4,4,1,74,0,26,38, 1.0
3,2,9,15,2,3,5,0,0,57,37,96,0, 1.0
3,2,9,15,2,3,5,1,0,57,37,96,0, 1.0
3,2,9,15,2,3,5,2,0,57,37,96,0, 1.0
3,2,9,15,2,3,5,3,0,57,37,96,0, 1.0
3,2,9,15,2,3,5,4,0,57,37,96,0, 1.0
0,0,28,15,0,0,0,0,0,49,19,43,23, 1.0
0,0,28,15,0,0,0,1,0,49,19,43,23, 1.0
0,0,28,15,0,0,0,2,0,49,19,43,23, 1.0
0,0,28,15,0,0,0,3,0,49,19,43,23, 1.0
0,0,28,15,0,0,0,4,0,49,19,43,23, 1.0
5,5,7,14,5,7,2,0,0,29,0,21,5, -1.0
5,5,7,14,5,7,2,1,0,29,0,21,5, -1.0
5,5,7,14,5,7,2,2,0,29,0,21,5, -1.0
5,5,7,14,5,7,2,3,0,29,0,21,5, -1.0
5,5,7,14,5,7,2,4,0,29,0,21,5, -1.0
8,2,53,6,6,2,2,0,1,17,30,69,19, -1.0
8,2,53,6,6,2,2,1,1,17,30,69,19, -1.0
8,2,53,6,6,2,2,2,1,17,30,69,19, -1.0
8,2,53,6,6,2,2,3,1,17,30,69,19, -1.0
8,2,53,6,6,2,2,4,1,17,30,69,19, -1.0
0,4,56,14,4,4,5,0,1,10,21,41,3, -1.0
0,4,56,14,4,4,5,1,1,10,21,41,3, -1.0
0,4,56,14,4,4,5,2,1,10,21,41,3, -1.0
0,4,56,14,4,4,5,3,1,10,21,41,3, -1.0
0,4,56,14,4,4,5,4,1,10,21,41,3, -1.0
1,1,63,8,1,3,2,0,1,26,30,32,17, 1.0
1,1,63,8,1,3,2,1,1,26,30,32,17, 1.0
1,1,63,8,1,3,2,2,1,26,30,32,17, 1.0
1,1,63,8,1,3,2,3,1,26,30,32,17, 1.0
1,1,63,8,1,3,2,4,1,26,30,32,17, 1.0
0,5,7,9,5,6,0,0,1,87,19,28,5, 1.0
0,5,7,9,5,6,0,1,1,87,19,28,5, 1.0
0,5,7,9,5,6,0,2,1,87,19,28,5, 1.0
0,5,7,9,5,6,0,3,1,87,19,28,5, 1.0
0,5,7,9,5,6,0,4,1,87,19,28,5, 1.0
9,7,16,6,5,6,1,0,1,17,26,23,23, 1.0
9,7,16,6,5,6,1,1,1,17,26,23,23, 1.0
9,7,16,6,5,6,1,2,1,17,26,23,23, 1.0
9,7,16,6,5,6,1,3,1,17,26,23,23, 1.0
9,7,16,6,5,6,1,4,1,17,26,23,23, 1.0
7,4,42,4,4,12,1,0,0,32,36,11,16, 1.0
7,4,42,4,4,12,1,1,0,32,36,11,16, 1.0
7,4,42,4,4,12,1,2,0,32,36,11,16, 1.0
7,4,42,4,4,12,1,3,0,32,36,11,16, 1.0
7,4,42,4,4,12,1,4,0,32,36,11,16, 1.0
4,7,48,12,6,2,0,0,1,29,21,98,38, 1.0
4,7,48,12,6,2,0,1,1,29,21,98,38, 1.0
4,7,48,12,6,2,0,2,1,29,21,98,38, 1.0
4,7,48,12,6,2,0,3,1,29,21,98,38, 1.0
4,7,48,12,6,2,0,4,1,29,21,98,38, 1.0
0,1,30,8,5,5,5,0,1,97,10,70,6, 1.0
0,1,30,8,5,5,5,1,1,97,10,70,6, 1.0
0,1,30,8,5,5,5,2,1,97,10,70,6, 1.0
0,1,30,8,5,5,5,3,1,97,10,70,6, 1.0
0,1,30,8,5,5,5,4,1,97,10,70,6, 1.0
1,5,43,12,0,10,5,0,0,34,26,73,4, 1.0
1,5,43,12,0,10,5,1,0,34,26,73,4, 1.0
1,5,43,12,0,10,5,2,0,34,26,73,4, 1.0
1,5,43,12,0,10,5,3,0,34,26,73,4, 1.0
1,5,43,12,0,10,5,4,0,34,26,73,4, 1.0
7,2,11,12,5,5,0,0,0,49,28,95,6, 1.0
7,2,11,12,5,5,0,1,0,49,28,95,6, 1.0
7,2,11,12,5,5,0,2,0,49,28,95,6, 1.0
7,2,11,12,5,5,0,3,0,49,28,95,6, 1.0
7,2,11,12,5,5,0,4,0,49,28,95,6, 1.0
0,0,4,8,0,9,5,0,1,24,8,77,0, 1.0
0,0,4,8,0,9,5,1,1,24,8,77,0, 1.0
0,0,4,8,0,9,5,2,1,24,8,77,0, 1.0
0,0,4,8,0,9,5,3,1,24,8,77,0, 1.0
0,0,4,8,0,9,5,4,1,24,8,77,0, 1.0
3,2,15,5,1,1,0,0,0,2,23,13,23, 1.0
3,2,15,5,1,1,0,1,0,2,23,13,23, 1.0
3,2,15,5,1,1,0,2,0,2,23,13,23, 1.0
3,2,15,5,1,1,0,3,0,2,23,13,23, 1.0
3,2,15,5,1,1,0,4,0,2,23,13,23, 1.0
5,1,57,0,4,12,2,0,1,10,14,16,4, -1.0
5,1,57,0,4,12,2,1,1,10,14,16,4, -1.0
5,1,57,0,4,12,2,2,1,10,14,16,4, -1.0
5,1,57,0,4,12,2,3,1,10,14,16,4, -1.0
5,1,57,0,4,12,2,4,1,10,14,16,4, -1.0
7,5,59,10,4,4,5,0,0,97,38,8,38, 1.0
7,5,59,10,4,4,5,1,0,97,38,8,38, 1.0
7,5,59,10,4,4,5,2,0,97,38,8,38, 1.0
7,5,59,10,4,4,5,3,0,97,38,8,38, 1.0
7,5,59,10,4,4,5,4,0,97,38,8,38, 1.0
1,6,19,9,1,0,2,0,0,55,5,99,21, 1.0
1,6,19,9,1,0,2,1,0,55,5,99,21, 1.0
1,6,19,9,1,0,2,2,0,55,5,99,21, 1.0
1,6,19,9,1,0,2,3,0,55,5,99,21, 1.0
1,6,19,9,1,0,2,4,0,55,5,99,21, 1.0
6,6,55,10,1,7,3,0,1,24,2,56,15, 1.0
6,6,55,10,1,7,3,1,1,24,2,56,15, 1.0
6,6,55,10,1,7,3,2,1,24,2,56,15, 1.0
6,6,55,10,1,7,3,3,1,24,2,56,15, 1.0
6,6,55,10,1,7,3,4,1,24,2,56,15, 1.0
4,3,68,13,4,12,5,0,1,12,39,40,38, -1.0
4,3,68,13,4,12,5,1,1,12,39,40,38, -1.0
4,3,68,13,4,12,5,2,1,12,39,40,38, -1.0
4,3,68,13,4,12,5,3,1,12,39,40,38, -1.0
4,3,68,13,4,12,5,4,1,12,39,40,38, -1.0
4,6,63,7,2,2,4,0,1,51,17,22,8, 1.0
4,6,63,7,2,2,4,1,1,51,17,22,8, 1.0
4,6,63,7,2,2,4,2,1,51,17,22,8, 1.0
4,6,63,7,2,2,4,3,1,51,17,22,8, 1.0
4,6,63,7,2,2,4,4,1,51,17,22,8, 1.0
3,2,43,13,3,8,1,0,0,48,25,31,31, 1.0
3,2,43,13,3,8,1,1,0,48,25,31,31, 1.0
3,2,43,13,3,8,1,2,0,48,25,31,31, 1.0
3,2,43,13,3,8,1,3,0,48,25,31,31, 1.0
3,2,43,13,3,8,1,4,0,48,25,31,31, 1.0
3,3,9,2,6,11,2,0,0,19,23,23,7, -1.0
3,3,9,2,6,11,2,1,0,19,23,23,7, -1.0
3,3,9,2,6,11,2,2,0,19,23,23,7, -1.0
3,3,9,2,6,11,2,3,0,19,23,23,7, -1.0
3,3,9,2,6,11,2,4,0,19,23,23,7, -1.0
3,0,47,13,2,12,5,0,0,1,24,77,4, -1.0
3,0,47,13,2,12,5,1,0,1,24,77,4, -1.0
3,0,47,13,2,12,5,2,0,1,24,77,4, -1.0
3,0,47,13,2,12,5,3,0,1,24,77,4, -1.0
3,0,47,13,2,12,5,4,0,1,24,77,4, -1.0
2,0,56,6,2,12,1,0,0,14,26,30,9, -1.0
2,0,56,6,2,12,1,1,0,14,26,30,9, -1.0
2,0,56,6,2,12,1,2,0,14,26,30,9, -1.0
2,0,56,6,2,12,1,3,0,14,26,30,9, -1.0
2,0,56,6,2,12,1,4,0,14,26,30,9, -1.0
7,1,61,6,4,13,3,0,1,32,14,17,20, -1.0
7,1,61,6,4,13,3,1,1,32,14,17,20, -1.0
7,1,61,6,4,13,3,2,1,32,14,17,20, -1.0
7,1,61,6,4,13,3,3,1,32,14,17,20, -1.0
7,1,61,6,4,13,3,4,1,32,14,17,20, -1.0
5,5,49,1,0,0,4,0,1,4,9,63,26, 1.0
5,5,49,1,0,0,4,1,1,4,9,63,26, 1.0
5,5,49,1,0,0,4,2,1,4,9,63,26, 1.0
5,5,49,1,0,0,4,3,1,4,9,63,26, 1.0
5,5,49,1,0,0,4,4,1,4,9,63,26, 1.0
5,3,46,9,5,12,1,0,0,52,34,11,10, 1.0
5,3,46,9,5,12,1,1,0,52,34,11,10, 1.0
5,3,46,9,5,12,1,2,0,52,34,11,10, 1.0
5,3,46,9,5,12,1,3,0,52,34,11,10, 1.0
5,3,46,9,5,12,1,4,0,52,34,11,10, 1.0
2,0,67,9,2,12,4,0,1,54,14,29,6, 1.0
2,0,67,9,2,12,4,1,1,54,14,29,6, 1.0
2,0,67,9,2,12,4,2,1,54,14,29,6, 1.0
2,0,67,9,2,12,4,3,1,54,14,29,6, 1.0
2,0,67,9,2,12,4,4,1,54,14,29,6, 1.0
9,5,11,15,2,13,1,0,1,88,13,92,33, 1.0
9,5,11,15,2,13,1,1,1,88,13,92,33, 1.0
9,5,11,15,2,13,1,2,1,88,13,92,33, 1.0
9,5,11,15,2,13,1,3,1,88,13,92,33, 1.0
9,5,11,15,2,13,1,4,1,88,13,92,33, 1.0
5,6,58,7,2,4,0,0,1,18,35,14,0, 1.0
5,6,58,7,2,4,0,1,1,18,35,14,0, 1.0
5,6,58,7,2,4,0,2,1,18,35,14,0, 1.0
5,6,58,7,2,4,0,3,1,18,35,14,0, 1.0
5,6,58,7,2,4,0,4,1,18,35,14,0, 1.0
4,2,50,10,2,10,0,0,0,48,31,65,21, 1.0
4,2,50,10,2,10,0,1,0,48,31,65,21, 1.0
4,2,50,10,2,10,0,2,0,48,31,65,21, 1.0
4,2,50,10,2,10,0,3,0,48,31,65,21, 1.0
4,2,50,10,2,10,0,4,0,48,31,65,21, 1.0
2,0,58,11,3,5,2,0,1,50,6,63,30, 1.0
2,0,58,11,3,5,2,1,1,50,6,63,30, 1.0
2,0,58,11,3,5,2,2,1,50,6,63,30, 1.0
2,0,58,11,3,5,2,3,1,50,6,63,30, 1.0
2,0,58,11,3,5,2,4,1,50,6,63,30, 1.0
7,3,11,9,1,2,1,0,1,45,30,0,22, 1.0
7,3,11,9,1,2,1,1,1,45,30,0,22, 1.0
7,3,11,9,1,2,1,2,1,45,30,0,22, 1.0
7,3,11,9,1,2,1,3,1,45,30,0,22, 1.0
7,3,11,9,1,2,1,4,1,45,30,0,22, 1.0
9,1,58,3,0,5,2,0,1,37,10,82,18, 1.0
9,1,58,3,0,5,2,1,1,37,10,82,18, 1.0
9,1,58,3,0,5,2,2,1,37,10,82,18, 1.0
9,1,58,3,0,5,2,3,1,37,10,82,18, 1.0
9,1,58,3,0,5,2,4,1,37,10,82,18, 1.0
6,5,22,2,0,0,0,0,0,28,34,15,19, 1.0
6,5,22,2,0,0,0,1,0,28,34,15,19, 1.0
6,5,22,2,0,0,0,2,0,28,34,15,19, 1.0
6,5,22,2,0,0,0,3,0,28,34,15,19, 1.0
6,5,22,2,0,0,0,4,0,28,34,15,19, 1.0
7,5,39,1,1,11,1,0,1,0,36,23,9, 1.0
7,5,39,1,1,11,1,1,1,0,36,23,9, 1.0
7,5,39,1,1,11,1,2,1,0,36,23,9, 1.0
7,5,39,1,1,11,1,3,1,0,36,23,9, 1.0
7,5,39,1,1,11,1,4,1,0,36,23,9, 1.0
4,0,67,13,3,5,3,0,0,8,0,93,23, -1.0
4,0,67,13,3,5,3,1,0,8,0,93,23, -1.0
4,0,67,13,3,5,3,2,0,8,0,93,23, -1.0
4,0,67,13,3,5,3,3,0,8,0,93,23, -1.0
4,0,67,13,3,5,3,4,0,8,0,93,23, -1.0
6,4,6,5,4,3,1,0,0,94,37,61,36, 1.0
6,4,6,5,4,3,1,1,0,94,37,61,36, 1.0
6,4,6,5,4,3,1,2,0,94,37,61,36, 1.0
6,4,6,5,4,3,1,3,0,94,37,61,36, 1.0
6,4,6,5,4,3,1,4,0,94,37,61,36, 1.0
5,4,32,7,2,3,0,0,1,12,17,82,6, 1.0
5,4,32,7,2,3,0,1,1,12,17,82,6, 1.0
5,4,32,7,2,3,0,2,1,12,17,82,6, 1.0
5,4,32,7,2,3,0,3,1,12,17,82,6, 1.0
5,4,32,7,2,3,0,4,1,12,17,82,6, 1.0
6,2,5,1,4,0,5,0,1,86,22,22,5, 1.0
6,2,5,1,4,0,5,1,1,86,22,22,5, 1.0
6,2,5,1,4,0,5,2,1,86,22,22,5, 1.0
6,2,5,1,4,0,5,3,1,86,22,22,5, 1.0
6,2,5,1,4,0,5,4,1,86,22,22,5, 1.0
4,4,31,15,4,13,5,0,1,37,33,37,27, 1.0
4,4,31,15,4,13,5,1,1,37,33,37,27, 1.0
4,4,31,15,4,13,5,2,1,37,33,37,27, 1.0
4,4,31,15,4,13,5,3,1,37,33,37,27, 1.0
4,4,31,15,4,13,5,4,1,37,33,37,27, 1.0
3,3,46,5,5,5,0,0,1,14,17,9,11, -1.0
3,3,46,5,5,5,0,1,1,14,17,9,11, -1.0
3,3,46,5,5,5,0,2,1,14,17,9,11, -1.0
3,3,46,5,5,5,0,3,1,14,17,9,11, -1.0
3,3,46,5,5,5,0,4,1,14,17,9,11, -1.0
2,4,33,14,1,1,5,0,0,41,31,23,13, 1.0
2,4,33,14,1,1,5,1,0,41,31,23,13, 1.0
2,4,33,14,1,1,5,2,0,41,31,23,13, 1.0
2,4,33,14,1,1,5,3,0,41,31,23,13, 1.0
2,4,33,14,1,1,5,4,0,41,31,23,13, 1.0
8,0,14,10,3,10,4,0,0,23,30,76,21, 1.0
8,0,14,10,3,10,4,1,0,23,30,76,21, 1.0
8,0,14,10,3,10,4,2,0,23,30,76,21, 1.0
8,0,14,10,3,10,4,3,0,23,30,76,21, 1.0
8,0,14,10,3,10,4,4,0,23,30,76,21, 1.0
6,0,24,5,3,2,4,0,0,34,12,81,2, 1.0
6,0,24,5,3,2,4,1,0,34,12,81,2, 1.0
6,0,24,5,3,2,4,2,0,34,12,81,2, 1.0
6,0,24,5,3,2,4,3,0,34,12,81,2, 1.0
6,0,24,5,3,2,4,4,0,34,12,81,2, 1.0
5,6,29,4,5,11,0,0,0,42,3,89,15, 1.0
5,6,29,4,5,11,0,1,0,42,3,89,15, 1.0
5,6,29,4,5,11,0,2,0,42,3,89,15, 1.0
5,6,29,4,5,11,0,3,0,42,3,89,15, 1.0
5,6,29,4,5,11,0,4,0,42,3,89,15, 1.0
7,5,57,3,6,12,3,0,1,54,33,59,34, 1.0
7,5,57,3,6,12,3,1,1,54,33,59,34, 1.0
7,5,57,3,6,12,3,2,1,54,33,59,34, 1.0
7,5,57,3,6,12,3,3,1,54,33,59,34, 1.0
7,5,57,3,6,12,3,4,1,54,33,59,34, 1.0
8,3,24,3,4,3,5,0,1,31,10,47,8, 1.0
8,3,24,3,4,3,5,1,1,31,10,47,8, 1.0
8,3,24,3,4,3,5,2,1,31,10,47,8, 1.0
8,3,24,3,4,3,5,3,1,31,10,47,8, 1.0
8,3,24,3,4,3,5,4,1,31,10,47,8, 1.0
0,2,64,12,1,5,4,0,0,27,30,35,10, 1.0
0,2,64,12,1,5,4,1,0,27,30,35,10, 1.0
0,2,64,12,1,5,4,2,0,27,30,35,10, 1.0
0,2,64,12,1,5,4,3,0,27,30,35,10, 1.0
0,2,64,12,1,5,4,4,0,27,30,35,10, 1.0
1,6,37,7,4,8,5,0,0,35,2,91,19, -1.0
1,6,37,7,4,8,5,1,0,35,2,91,19, -1.0
1,6,37,7,4,8,5,2,0,35,2,91,19, -1.0
1,6,37,7,4,8,5,3,0,35,2,91,19, -1.0
1,6,37,7,4,8,5,4,0,35,2,91,19, -1.0
7,1,44,3,3,2,3,0,0,86,14,28,6, 1.0
7,1,44,3,3,2,3,1,0,86,14,28,6, 1.0
7,1,44,3,3,2,3,2,0,86,14,28,6, 1.0
7,1,44,3,3,2,3,3,0,86,14,28,6, 1.0
7,1,44,3,3,2,3,4,0,86,14,28,6, 1.0
6,6,7,1,6,2,2,0,1,90,8,0,25, 1.0
6,6,7,1,6,2,2,1,1,90,8,0,25, 1.0
6,6,7,1,6,2,2,2,1,90,8,0,25, 1.0
6,6,7,1,6,2,2,3,1,90,8,0,25, 1.0
6,6,7,1,6,2,2,4,1,90,8,0,25, 1.0
0,5,47,3,1,2,3,0,0,80,6,78,21, 1.0
0,5,47,3,1,2,3,1,0,80,6,78,21, 1.0
0,5,47,3,1,2,3,2,0,80,6,78,21, 1.0
0,5,47,3,1,2,3,3,0,80,6,78,21, 1.0
0,5,47,3,1,2,3,4,0,80,6,78,21, 1.0
2,4,17,6,4,3,2,0,1,64,37,23,8, 1.0
2,4,17,6,4,3,2,1,1,64,37,23,8, 1.0
2,4,17,6,4,3,2,2,1,64,37,23,8, 1.0
2,4,17,6,4,3,2,3,1,64,37,23,8, 1.0
2,4,17,6,4,3,2,4,1,64,37,23,8, 1.0
5,2,39,6,6,9,4,0,1,61,21,6,17, -1.0
5,2,39,6,6,9,4,1,1,61,21,6,17, -1.0
5,2,39,6,6,9,4,2,1,61,21,6,17, -1.0
5,2,39,6,6,9,4,3,1,61,21,6,17, -1.0
5,2,39,6,6,9,4,4,1,61,21,6,17, -1.0
8,6,23,8,3,6,1,0,0,29,16,77,6, 1.0
8,6,23,8,3,6,1,1,0,29,16,77,6, 1.0
8,6,23,8,3,6,1,2,0,29,16,77,6, 1.0
8,6,23,8,3,6,1,3,0,29,16,77,6, 1.0
8,6,23,8,3,6,1,4,0,29,16,77,6, 1.0
8,6,67,3,0,13,4,0,0,21,15,19,16, 1.0
8,6,67,3,0,13,4,1,0,21,15,19,16, 1.0
8,6,67,3,0,13,4,2,0,21,15,19,16, 1.0
8,6,67,3,0,13,4,3,0,21,15,19,16, 1.0
8,6,67,3,0,13,4,4,0,21,15,19,16, 1.0
0,6,19,0,6,4,0,0,0,37,13,55,5, -1.0
0,6,19,0,6,4,0,1,0,37,13,55,5, -1.0
0,6,19,0,6,4,0,2,0,37,13,55,5, -1.0
0,6,19,0,6,4,0,3,0,37,13,55,5, -1.0
0,6,19,0,6,4,0,4,0,37,13,55,5, -1.0
5,6,55,1,0,11,2,0,1,6,1,59,1, 1.0
5,6,55,1,0,11,2,1,1,6,1,59,1, 1.0
5,6,55,1,0,11,2,2,1,6,1,59,1, 1.0
5,6,55,1,0,11,2,3,1,6,1,59,1, 1.0
5,6,55,1,0,11,2,4,1,6,1,59,1, 1.0
6,4,61,6,0,12,3,0,0,60,35,48,3, 1.0
6,4,61,6,0,12,3,1,0,60,35,48,3, 1.0
6,4,61,6,0,12,3,2,0,60,35,48,3, 1.0
6,4,61,6,0,12,3,3,0,60,35,48,3, 1.0
6,4,61,6,0,12,3,4,0,60,35,48,3, 1.0
0,6,57,3,5,3,0,0,1,79,38,26,21, 1.0
0,6,57,3,5,3,0,1,1,79,38,26,21, 1.0
0,6,57,3,5,3,0,2,1,79,38,26,21, 1.0
0,6,57,3,5,3,0,3,1,79,38,26,21, 1.0
0,6,57,3,5,3,0,4,1,79,38,26,21, 1.0
7,0,58,8,0,10,0,0,1,79,24,57,9, 1.0
7,0,58,8,0,10,0,1,1,79,24,57,9, 1.0
7,0,58,8,0,10,0,2,1,79,24,57,9, 1.0
7,0,58,8,0,10,0,3,1,79,24,57,9, 1.0
7,0,58,8,0,10,0,4,1,79,24,57,9, 1.0
7,3,59,4,0,1,1,0,1,65,25,85,31, 1.0
7,3,59,4,0,1,1,1,1,65,25,85,31, 1.0
7,3,59,4,0,1,1,2,1,65,25,85,31, 1.0
7,3,59,4,0,1,1,3,1,65,25,85,31, 1.0
7,3,59,4,0,1,1,4,1,65,25,85,31, 1.0
1,4,26,9,1,3,1,0,0,86,15,62,18, 1.0
1,4,26,9,1,3,1,1,0,86,15,62,18, 1.0
1,4,26,9,1,3,1,2,0,86,15,62,18, 1.0
1,4,26,9,1,3,1,3,0,86,15,62,18, 1.0
1,4,26,9,1,3,1,4,0,86,15,62,18, 1.0
6,5,5,13,6,7,3,0,0,91,38,44,12, 1.0
6,5,5,13,6,7,3,1,0,91,38,44,12, 1.0
6,5,5,13,6,7,3,2,0,91,38,44,12, 1.0
6,5,5,13,6,7,3,3,0,91,38,44,12, 1.0
6,5,5,13,6,7,3,4,0,91,38,44,12, 1.0
1,4,59,8,4,7,2,0,1,95,2,38,19, 1.0
1,4,59,8,4,7,2,1,1,95,2,38,19, 1.0
1,4,59,8,4,7,2,2,1,95,2,38,19, 1.0
1,4,59,8,4,7,2,3,1,95,2,38,19, 1.0
1,4,59,8,4,7,2,4,1,95,2,38,19, 1.0
1,2,34,13,0,12,2,0,1,73,13,39,29, 1.0
1,2,34,13,0,12,2,1,1,73,13,39,29, 1.0
1,2,34,13,0,12,2,2,1,73,13,39,29, 1.0
1,2,34,13,0,12,2,3,1,73,13,39,29, 1.0
1,2,34,13,0,12,2,4,1,73,13,39,29, 1.0
6,1,67,8,6,11,2,0,1,57,38,16,33, 1.0
6,1,67,8,6,11,2,1,1,57,38,16,33, 1.0
6,1,67,8,6,11,2,2,1,57,38,16,33, 1.0
6,1,67,8,6,11,2,3,1,57,38,16,33, 1.0
6,1,67,8,6,11,2,4,1,57,38,16,33, 1.0
6,4,32,1,2,12,2,0,1,50,36,0,17, 1.0
6,4,32,1,2,12,2,1,1,50,36,0,17, 1.0
6,4,32,1,2,12,2,2,1,50,36,0,17, 1.0
6,4,32,1,2,12,2,3,1,50,36,0,17, 1.0
6,4,32,1,2,12,2,4,1,50,36,0,17, 1.0
3,0,30,9,0,11,1,0,1,88,29,8,26, 1.0
3,0,30,9,0,11,1,1,1,88,29,8,26, 1.0
3,0,30,9,0,11,1,2,1,88,29,8,26, 1.0
3,0,30,9,0,11,1,3,1,88,29,8,26, 1.0
3,0,30,9,0,11,1,4,1,88,29,8,26, 1.0
5,7,17,9,4,8,1,0,1,70,4,93,0, 1.0
5,7,17,9,4,8,1,1,1,70,4,93,0, 1.0
5,7,17,9,4,8,1,2,1,70,4,93,0, 1.0
5,7,17,9,4,8,1,3,1,70,4,93,0, 1.0
5,7,17,9,4,8,1,4,1,70,4,93,0, 1.0
1,2,68,13,4,13,3,0,0,40,21,42,19, -1.0
1,2,68,13,4,13,3,1,0,40,21,42,19, -1.0
1,2,68,13,4,13,3,2,0,40,21,42,19, -1.0
1,2,68,13,4,13,3,3,0,40,21,42,19, -1.0
1,2,68,13,4,13,3,4,0,40,21,42,19, -1.0
6,4,61,12,6,13,2,0,1,89,30,77,24, 1.0
6,4,61,12,6,13,2,1,1,89,30,77,24, 1.0
6,4,61,12,6,13,2,2,1,89,30,77,24, 1.0
6,4,61,12,6,13,2,3,1,89,30,77,24, 1.0
6,4,61,12,6,13,2,4,1,89,30,77,24, 1.0
3,6,58,14,1,4,3,0,1,55,19,71,21, 1.0
3,6,58,14,1,4,3,1,1,55,19,71,21, 1.0
3,6,58,14,1,4,3,2,1,55,19,71,21, 1.0
3,6,58,14,1,4,3,3,1,55,19,71,21, 1.0
3,6,58,14,1,4,3,4,1,55,19,71,21, 1.0
2,0,25,5,5,0,2,0,0,45,11,18,2, -1.0
2,0,25,5,5,0,2,1,0,45,11,18,2, -1.0
2,0,25,5,5,0,2,2,0,45,11,18,2, -1.0
2,0,25,5,5,0,2,3,0,45,11,18,2, -1.0
2,0,25,5,5,0,2,4,0,45,11,18,2, -1.0
7,0,36,7,5,0,1,0,0,79,20,15,9, 1.0
7,0,36,7,5,0,1,1,0,79,20,15,9, 1.0
7,0,36,7,5,0,1,2,0,79,20,15,9, 1.0
7,0,36,7,5,0,1,3,0,79,20,15,9, 1.0
7,0,36,7,5,0,1,4,0,79,20,15,9, 1.0
5,6,23,0,6,9,3,0,1,22,8,28,24, -1.0
5,6,23,0,6,9,3,1,1,22,8,28,24, -1.0
5,6,23,0,6,9,3,2,1,22,8,28,24, -1.0
5,6,23,0,6,9,3,3,1,22,8,28,24, -1.0
5,6,23,0,6,9,3,4,1,22,8,28,24, -1.0
2,7,17,3,3,4,2,0,0,19,29,35,0, 1.0
2,7,17,3,3,4,2,1,0,19,29,35,0, 1.0
2,7,17,3,3,4,2,2,0,19,29,35,0, 1.0
2,7,17,3,3,4,2,3,0,19,29,35,0, 1.0
2,7,17,3,3,4,2,4,0,19,29,35,0, 1.0
1,6,13,4,6,4,0,0,1,91,13,73,16, 1.0
1,6,13,4,6,4,0,1,1,91,13,73,16, 1.0
1,6,13,4,6,4,0,2,1,91,13,73,16, 1.0
1,6,13,4,6,4,0,3,1,91,13,73,16, 1.0
1,6,13,4,6,4,0,4,1,91,13,73,16, 1.0
1,1,13,0,0,12,1,0,0,10,9,52,36, 1.0
1,1,13,0,0,12,1,1,0,10,9,52,36, 1.0
1,1,13,0,0,12,1,2,0,10,9,52,36, 1.0
1,1,13,0,0,12,1,3,0,10,9,52,36, 1.0
1,1,13,0,0,12,1,4,0,10,9,52,36, 1.0
3,4,7,3,2,0,5,0,0,28,16,3,0, 1.0
3,4,7,3,2,0,5,1,0,28,16,3,0, 1.0
3,4,7,3,2,0,5,2,0,28,16,3,0, 1.0
3,4,7,3,2,0,5,3,0,28,16,3,0, 1.0
3,4,7,3,2,0,5,4,0,28,16,3,0, 1.0
5,2,26,7,2,8,5,0,1,68,33,67,18, 1.0
5,2,26,7,2,8,5,1,1,68,33,67,18, 1.0
5,2,26,7,2,8,5,2,1,68,33,67,18, 1.0
5,2,26,7,2,8,5,3,1,68,33,67,18, 1.0
5,2,26,7,2,8,5,4,1,68,33,67,18, 1.0
7,0,32,13,5,13,0,0,0,9,28,5,15, -1.0
7,0,32,13,5,13,0,1,0,9,28,5,15, -1.0
7,0,32,13,5,13,0,2,0,9,28,5,15, -1.0
7,0,32,13,5,13,0,3,0,9,28,5,15, -1.0
7,0,32,13,5,13,0,4,0,9,28,5,15, -1.0
3,7,43,0,6,4,4,0,1,24,20,3,15, -1.0
3,7,43,0,6,4,4,1,1,24,20,3,15, -1.0
3,7,43,0,6,4,4,2,1,24,20,3,15, -1.0
3,7,43,0,6,4,4,3,1,24,20,3,15, -1.0
3,7,43,0,6,4,4,4,1,24,20,3,15, -1.0
8,2,48,3,3,3,3,0,0,37,32,99,36, 1.0
8,2,48,3,3,3,3,1,0,37,32,99,36, 1.0
8,2,48,3,3,3,3,2,0,37,32,99,36, 1.0
8,2,48,3,3,3,3,3,0,37,32,99,36, 1.0
8,2,48,3,3,3,3,4,0,37,32,99,36, 1.0
1,3,12,12,5,3,2,0,1,85,9,26,32, 1.0
1,3,12,12,5,3,2,1,1,85,9,26,32, 1.0
1,3,12,12,5,3,2,2,1,85,9,26,32, 1.0
1,3,12,12,5,3,2,3,1,85,9,26,32, 1.0
1,3,12,12,5,3,2,4,1,85,9,26,32, 1.0
9,3,25,9,1,7,5,0,1,83,37,87,36, 1.0
9,3,25,9,1,7,5,1,1,83,37,87,36, 1.0
9,3,25,9,1,7,5,2,1,83,37,87,36, 1.0
9,3,25,9,1,7,5,3,1,83,37,87,36, 1.0
9,3,25,9,1,7,5,4,1,83,37,87,36, 1.0
7,0,45,14,4,2,1,0,0,81,16,61,20, 1.0
7,0,45,14,4,2,1,1,0,81,16,61,20, 1.0
7,0,45,14,4,2,1,2,0,81,16,61,20, 1.0
7,0,45,14,4,2,1,3,0,81,16,61,20, 1.0
7,0,45,14,4,2,1,4,0,81,16,61,20, 1.0
5,3,0,15,4,1,4,0,0,10,25,17,4, -1.0
5,3,0,15,4,1,4,1,0,10,25,17,4, -1.0
5,3,0,15,4,1,4,2,0,10,25,17,4, -1.0
5,3,0,15,4,1,4,3,0,10,25,17,4, -1.0
5,3,0,15,4,1,4,4,0,10,25,17,4, -1.0
5,6,17,1,6,7,4,0,0,64,2,90,37, 1.0
5,6,17,1,6,7,4,1,0,64,2,90,37, 1.0
5,6,17,1,6,7,4,2,0,64,2,90,37, 1.0
5,6,17,1,6,7,4,3,0,64,2,90,37, 1.0
5,6,17,1,6,7,4,4,0,64,2,90,37, 1.0
4,0,20,0,1,2,4,0,1,11,2,56,36, 1.0
4,0,20,0,1,2,4,1,1,11,2,56,36, 1.0
4,0,20,0,1,2,4,2,1,11,2,56,36, 1.0
4,0,20,0,1,2,4,3,1,11,2,56,36, 1.0
4,0,20,0,1,2,4,4,1,11,2,56,36, 1.0
4,0,33,8,5,5,0,0,0,38,7,44,34, -1.0
4,0,33,8,5,5,0,1,0,38,7,44,34, -1.0
4,0,33,8,5,5,0,2,0,38,7,44,34, -1.0
4,0,33,8,5,5,0,3,0,38,7,44,34, -1.0
4,0,33,8,5,5,0,4,0,38,7,44,34, -1.0
9,4,62,1,6,1,1,0,0,50,1,11,0, -1.0
9,4,62,1,6,1,1,1,0,50,1,11,0, -1.0
9,4,62,1,6,1,1,2,0,50,1,11,0, -1.0
9,4,62,1,6,1,1,3,0,50,1,11,0, -1.0
9,4,62,1,6,1,1,4,0,50,1,11,0, -1.0
5,3,67,6,4,1,5,0,0,16,36,18,34, -1.0
5,3,67,6,4,1,5,1,0,16,36,18,34, -1.0
5,3,67,6,4,1,5,2,0,16,36,18,34, -1.0
5,3,67,6,4,1,5,3,0,16,36,18,34, -1.0
5,3,67,6,4,1,5,4,0,16,36,18,34, -1.0
6,0,18,14,4,0,0,0,1,41,10,11,4, 1.0
6,0,18,14,4,0,0,1,1,41,10,11,4, 1.0
6,0,18,14,4,0,0,2,1,41,10,11,4, 1.0
6,0,18,14,4,0,0,3,1,41,10,11,4, 1.0
6,0,18,14,4,0,0,4,1,41,10,11,4, 1.0
5,3,4,3,4,7,3,0,0,15,28,45,19, 1.0
5,3,4,3,4,7,3,1,0,15,28,45,19, 1.0
5,3,4,3,4,7,3,2,0,15,28,45,19, 1.0
5,3,4,3,4,7,3,3,0,15,28,45,19, 1.0
5,3,4,3,4,7,3,4,0,15,28,45,19, 1.0
6,4,15,4,4,11,5,0,1,29,26,67,32, 1.0
6,4,15,4,4,11,5,1,1,29,26,67,32, 1.0
6,4,15,4,4,11,5,2,1,29,26,67,32, 1.0
6,4,15,4,4,11,5,3,1,29,26,67,32, 1.0
6,4,15,4,4,11,5,4,1,29,26,67,32, 1.0
4,6,39,9,6,10,2,0,1,70,10,49,31, 1.0
4,6,39,9,6,10,2,1,1,70,10,49,31, 1.0
4,6,39,9,6,10,2,2,1,70,10,49,31, 1.0
4,6,39,9,6,10,2,3,1,70,10,49,31, 1.0
4,6,39,9,6,10,2,4,1,70,10,49,31, 1.0
4,2,3,15,5,1,3,0,0,90,21,91,3, 1.0
4,2,3,15,5,1,3,1,0,90,21,91,3, 1.0
4,2,3,15,5,1,3,2,0,90,21,91,3, 1.0
4,2,3,15,5,1,3,3,0,90,21,91,3, 1.0
4,2,3,15,5,1,3,4,0,90,21,91,3, 1.0
6,5,5,4,0,13,5,0,0,24,14,19,34, 1.0
6,5,5,4,0,13,5,1,0,24,14,19,34, 1.0
6,5,5,4,0,13,5,2,0,24,14,19,34, 1.0
6,5,5,4,0,13,5,3,0,24,14,19,34, 1.0
6,5,5,4,0,13,5,4,0,24,14,19,34, 1.0
9,4,18,2,2,9,2,0,1,40,9,99,19, 1.0
9,4,18,2,2,9,2,1,1,40,9,99,19, 1.0
9,4,18,2,2,9,2,2,1,40,9,99,19, 1.0
9,4,18,2,2,9,2,3,1,40,9,99,19, 1.0
9,4,18,2,2,9,2,4,1,40,9,99,19, 1.0
1,4,23,8,2,2,0,0,1,76,37,73,3, 1.0
1,4,23,8,2,2,0,1,1,76,37,73,3, 1.0
1,4,23,8,2,2,0,2,1,76,37,73,3, 1.0
1,4,23,8,2,2,0,3,1,76,37,73,3, 1.0
1,4,23,8,2,2,0,4,1,76,37,73,3, 1.0
7,2,65,1,1,13,0,0,1,2,27,76,3, 1.0
7,2,65,1,1,13,0,1,1,2,27,76,3, 1.0
7,2,65,1,1,13,0,2,1,2,27,76,3, 1.0
7,2,65,1,1,13,0,3,1,2,27,76,3, 1.0
7,2,65,1,1,13,0,4,1,2,27,76,3, 1.0
4,2,24,13,1,1,4,0,1,20,21,52,38, 1.0
4,2,24,13,1,1,4,1,1,20,21,52,38, 1.0
4,2,24,13,1,1,4,2,1,20,21,52,38, 1.0
4,2,24,13,1,1,4,3,1,20,21,52,38, 1.0
4,2,24,13,1,1,4,4,1,20,21,52,38, 1.0
2,0,5,10,2,12,0,0,1,12,26,22,32, 1.0
2,0,5,10,2,12,0,1,1,12,26,22,32, 1.0
2,0,5,10,2,12,0,2,1,12,26,22,32, 1.0
2,0,5,10,2,12,0,3,1,12,26,22,32, 1.0
2,0,5,10,2,12,0,4,1,12,26,22,32, 1.0
9,5,57,8,0,3,5,0,0,76,18,61,6, 1.0
9,5,57,8,0,3,5,1,0,76,18,61,6, 1.0
9,5,57,8,0,3,5,2,0,76,18,61,6, 1.0
9,5,57,8,0,3,5,3,0,76,18,61,6, 1.0
9,5,57,8,0,3,5,4,0,76,18,61,6, 1.0
2,4,37,14,6,5,2,0,0,46,36,70,4, 1.0
2,4,37,14,6,5,2,1,0,46,36,70,4, 1.0
2,4,37,14,6,5,2,2,0,46,36,70,4, 1.0
2,4,37,14,6,5,2,3,0,46,36,70,4, 1.0
2,4,37,14,6,5,2,4,0,46,36,70,4, 1.0
2,6,43,7,4,4,5,0,0,69,25,60,4, 1.0
2,6,43,7,4,4,5,1,0,69,25,60,4, 1.0
2,6,43,7,4,4,5,2,0,69,25,60,4, 1.0
2,6,43,7,4,4,5,3,0,69,25,60,4, 1.0
2,6,43,7,4,4,5,4,0,69,25,60,4, 1.0
9,1,1,14,4,3,2,0,1,35,26,6,5, 1.0
9,1,1,14,4,3,2,1,1,35,26,6,5, 1.0
9,1,1,14,4,3,2,2,1,35,26,6,5, 1.0
9,1,1,14,4,3,2,3,1,35,26,6,5, 1.0
9,1,1,14,4,3,2,4,1,35,26,6,5, 1.0
9,6,64,6,5,8,4,0,0,62,22,50,25, 1.0
9,6,64,6,5,8,4,1,0,62,22,50,25, 1.0
9,6,64,6,5,8,4,2,0,62,22,50,25, 1.0
9,6,64,6,5,8,4,3,0,62,22,50,25, 1.0
9,6,64,6,5,8,4,4,0,62,22,50,25, 1.0
2,6,13,5,0,1,1,0,1,85,8,35,34, 1.0
2,6,13,5,0,1,1,1,1,85,8,35,34, 1.0
2,6,13,5,0,1,1,2,1,85,8,35,34, 1.0
2,6,13,5,0,1,1,3,1,85,8,35,34, 1.0
2,6,13,5,0,1,1,4,1,85,8,35,34, 1.0
0,5,0,5,0,9,1,0,0,57,30,38,6, 1.0
0,5,0,5,0,9,1,1,0,57,30,38,6, 1.0
0,5,0,5,0,9,1,2,0,57,30,38,6, 1.0
0,5,0,5,0,9,1,3,0,57,30,38,6, 1.0
0,5,0,5,0,9,1,4,0,57,30,38,6, 1.0
1,4,42,13,5,13,4,0,1,55,36,87,8, 1.0
1,4,42,13,5,13,4,1,1,55,36,87,8, 1.0
1,4,42,13,5,13,4,2,1,55,36,87,8, 1.0
1,4,42,13,5,13,4,3,1,55,36,87,8, 1.0
1,4,42,13,5,13,4,4,1,55,36,87,8, 1.0
6,4,69,14,3,12,1,0,1,0,33,19,24, -1.0
6,4,69,14,3,12,1,1,1,0,33,19,24, -1.0
6,4,69,14,3,12,1,2,1,0,33,19,24, -1.0
6,4,69,14,3,12,1,3,1,0,33,19,24, -1.0
6,4,69,14,3,12,1,4,1,0,33,19,24, -1.0
0,0,48,1,0,9,4,0,1,27,18,31,5, 1.0
0,0,48,1,0,9,4,1,1,27,18,31,5, 1.0
0,0,48,1,0,9,4,2,1,27,18,31,5, 1.0
0,0,48,1,0,9,4,3,1,27,18,31,5, 1.0
0,0,48,1,0,9,4,4,1,27,18,31,5, 1.0
1,3,6,12,4,3,0,0,1,94,27,42,15, 1.0
1,3,6,12,4,3,0,1,1,94,27,42,15, 1.0
1,3,6,12,4,3,0,2,1,94,27,42,15, 1.0
1,3,6,12,4,3,0,3,1,94,27,42,15, 1.0
1,3,6,12,4,3,0,4,1,94,27,42,15, 1.0
4,5,30,5,6,10,4,0,0,96,14,12,0, 1.0
4,5,30,5,6,10,4,1,0,96,14,12,0, 1.0
4,5,30,5,6,10,4,2,0,96,14,12,0, 1.0
4,5,30,5,6,10,4,3,0,96,14,12,0, 1.0
4,5,30,5,6,10,4,4,0,96,14,12,0, 1.0
2,1,49,6,6,9,1,0,1,79,10,84,25, 1.0
2,1,49,6,6,9,1,1,1,79,10,84,25, 1.0
2,1,49,6,6,9,1,2,1,79,10,84,25, 1.0
2,1,49,6,6,9,1,3,1,79,10,84,25, 1.0
2,1,49,6,6,9,1,4,1,79,10,84,25, 1.0
8,2,41,5,5,6,0,0,1,77,28,24,18, 1.0
8,2,41,5,5,6,0,1,1,77,28,24,18, 1.0
8,2,41,5,5,6,0,2,1,77,28,24,18, 1.0
8,2,41,5,5,6,0,3,1,77,28,24,18, 1.0
8,2,41,5,5,6,0,4,1,77,28,24,18, 1.0
4,1,24,9,6,11,5,0,1,33,27,10,4, -1.0
4,1,24,9,6,11,5,1,1,33,27,10,4, -1.0
4,1,24,9,6,11,5,2,1,33,27,10,4, -1.0
4,1,24,9,6,11,5,3,1,33,27,10,4, -1.0
4,1,24,9,6,11,5,4,1,33,27,10,4, -1.0
7,0,55,8,6,13,3,0,0,26,7,80,12, -1.0
7,0,55,8,6,13,3,1,0,26,7,80,12, -1.0
7,0,55,8,6,13,3,2,0,26,7,80,12, -1.0
7,0,55,8,6,13,3,3,0,26,7,80,12, -1.0
7,0,55,8,6,13,3,4,0,26,7,80,12, -1.0
0,7,5,14,1,2,5,0,1,60,33,73,7, 1.0
0,7,5,14,1,2,5,1,1,60,33,73,7, 1.0
0,7,5,14,1,2,5,2,1,60,33,73,7, 1.0
0,7,5,14,1,2,5,3,1,60,33,73,7, 1.0
0,7,5,14,1,2,5,4,1,60,33,73,7, 1.0
2,2,20,12,0,5,5,0,1,22,13,18,39, 1.0
2,2,20,12,0,5,5,1,1,22,13,18,39, 1.0
2,2,20,12,0,5,5,2,1,22,13,18,39, 1.0
2,2,20,12,0,5,5,3,1,22,13,18,39, 1.0
2,2,20,12,0,5,5,4,1,22,13,18,39, 1.0
3,4,49,9,1,9,2,0,0,15,0,13,32, -1.0
3,4,49,9,1,9,2,1,0,15,0,13,32, -1.0
3,4,49,9,1,9,2,2,0,15,0,13,32, -1.0
3,4,49,9,1,9,2,3,0,15,0,13,32, -1.0
3,4,49,9,1,9,2,4,0,15,0,13,32, -1.0
1,6,69,4,5,4,2,0,0,6,12,6,8, -1.0
1,6,69,4,5,4,2,1,0,6,12,6,8, -1.0
1,6,69,4,5,4,2,2,0,6,12,6,8, -1.0
1,6,69,4,5,4,2,3,0,6,12,6,8, -1.0
1,6,69,4,5,4,2,4,0,6,12,6,8, -1.0
1,1,46,9,6,8,3,0,0,12,30,87,2, -1.0
1,1,46,9,6,8,3,1,0,12,30,87,2, -1.0
1,1,46,9,6,8,3,2,0,12,30,87,2, -1.0
1,1,46,9,6,8,3,3,0,12,30,87,2, -1.0
1,1,46,9,6,8,3,4,0,12,30,87,2, -1.0
4,1,46,14,3,6,1,0,1,52,31,49,35, 1.0
4,1,46,14,3,6,1,1,1,52,31,49,35, 1.0
4,1,46,14,3,6,1,2,1,52,31,49,35, 1.0
4,1,46,14,3,6,1,3,1,52,31,49,35, 1.0
4,1,46,14,3,6,1,4,1,52,31,49,35, 1.0
0,6,37,10,2,11,0,0,1,54,10,73,19, 1.0
0,6,37,10,2,11,0,1,1,54,10,73,19, 1.0
0,6,37,10,2,11,0,2,1,54,10,73,19, 1.0
0,6,37,10,2,11,0,3,1,54,10,73,19, 1.0
0,6,37,10,2,11,0,4,1,54,10,73,19, 1.0
8,4,63,12,6,3,5,0,1,60,29,21,4, 1.0
8,4,63,12,6,3,5,1,1,60,29,21,4, 1.0
8,4,63,12,6,3,5,2,1,60,29,21,4, 1.0
8,4,63,12,6,3,5,3,1,60,29,21,4, 1.0
8,4,63,12,6,3,5,4,1,60,29,21,4, 1.0
3,1,23,6,3,11,1,0,1,83,5,36,10, 1.0
3,1,23,6,3,11,1,1,1,83,5,36,10, 1.0
3,1,23,6,3,11,1,2,1,83,5,36,10, 1.0
3,1,23,6,3,11,1,3,1,83,5,36,10, 1.0
3,1,23,6,3,11,1,4,1,83,5,36,10, 1.0
7,7,5,11,3,12,0,0,0,65,17,54,5, 1.0
7,7,5,11,3,12,0,1,0,65,17,54,5, 1.0
7,7,5,11,3,12,0,2,0,65,17,54,5, 1.0
7,7,5,11,3,12,0,3,0,65,17,54,5, 1.0
7,7,5,11,3,12,0,4,0,65,17,54,5, 1.0
0,4,54,6,1,4,2,0,1,88,20,31,10, 1.0
0,4,54,6,1,4,2,1,1,88,20,31,10, 1.0
0,4,54,6,1,4,2,2,1,88,20,31,10, 1.0
0,4,54,6,1,4,2,3,1,88,20,31,10, 1.0
0,4,54,6,1,4,2,4,1,88,20,31,10, 1.0
9,4,67,2,1,9,2,0,1,27,16,48,37, 1.0
9,4,67,2,1,9,2,1,1,27,16,48,37, 1.0
9,4,67,2,1,9,2,2,1,27,16,48,37, 1.0
9,4,67,2,1,9,2,3,1,27,16,48,37, 1.0
9,4,67,2,1,9,2,4,1,27,16,48,37, 1.0
7,6,6,1,3,0,4,0,1,93,30,95,35, 1.0
7,6,6,1,3,0,4,1,1,93,30,95,35, 1.0
7,6,6,1,3,0,4,2,1,93,30,95,35, 1.0
7,6,6,1,3,0,4,3,1,93,30,95,35, 1.0
7,6,6,1,3,0,4,4,1,93,30,95,35, 1.0
4,7,27,6,4,0,5,0,1,19,26,42,26, 1.0
4,7,27,6,4,0,5,1,1,19,26,42,26, 1.0
4,7,27,6,4,0,5,2,1,19,26,42,26, 1.0
4,7,27,6,4,0,5,3,1,19,26,42,26, 1.0
4,7,27,6,4,0,5,4,1,19,26,42,26, 1.0
3,6,17,9,5,13,1,0,0,62,7,75,26, 1.0
3,6,17,9,5,13,1,1,0,62,7,75,26, 1.0
3,6,17,9,5,13,1,2,0,62,7,75,26, 1.0
3,6,17,9,5,13,1,3,0,62,7,75,26, 1.0
3,6,17,9,5,13,1,4,0,62,7,75,26, 1.0
0,0,62,12,3,7,1,0,0,3,3,3,3, -1.0
0,0,62,12,3,7,1,1,0,3,3,3,3, -1.0
0,0,62,12,3,7,1,2,0,3,3,3,3, -1.0
0,0,62,12,3,7,1,3,0,3,3,3,3, -1.0
0,0,62,12,3,7,1,4,0,3,3,3,3, -1.0
8,4,43,1,4,8,5,0,1,61,5,42,7, 1.0
8,4,43,1,4,8,5,1,1,61,5,42,7, 1.0
8,4,43,1,4,8,5,2,1,61,5,42,7, 1.0
8,4,43,1,4,8,5,3,1,61,5,42,7, 1.0
8,4,43,1,4,8,5,4,1,61,5,42,7, 1.0
9,3,12,7,6,1,3,0,0,74,22,8,11, 1.0
9,3,12,7,6,1,3,1,0,74,22,8,11, 1.0
9,3,12,7,6,1,3,2,0,74,22,8,11, 1.0
9,3,12,7,6,1,3,3,0,74,22,8,11, 1.0
9,3,12,7,6,1,3,4,0,74,22,8,11, 1.0
5,6,53,1,5,9,0,0,0,83,28,50,2, 1.0
5,6,53,1,5,9,0,1,0,83,28,50,2, 1.0
5,6,53,1,5,9,0,2,0,83,28,50,2, 1.0
5,6,53,1,5,9,0,3,0,83,28,50,2, 1.0
5,6,53,1,5,9,0,4,0,83,28,50,2, 1.0
7,0,2,11,0,10,3,0,0,54,38,4,37, 1.0
7,0,2,11,0,10,3,1,0,54,38,4,37, 1.0
7,0,2,11,0,10,3,2,0,54,38,4,37, 1.0
7,0,2,11,0,10,3,3,0,54,38,4,37, 1.0
7,0,2,11,0,10,3,4,0,54,38,4,37, 1.0
1,1,38,14,2,13,1,0,1,94,16,85,7, 1.0
1,1,38,14,2,13,1,1,1,94,16,85,7, 1.0
1,1,38,14,2,13,1,2,1,94,16,85,7, 1.0
1,1,38,14,2,13,1,3,1,94,16,85,7, 1.0
1,1,38,14,2,13,1,4,1,94,16,85,7, 1.0
9,6,47,0,5,11,0,0,0,40,17,86,1, 1.0
9,6,47,0,5,11,0,1,0,40,17,86,1, 1.0
9,6,47,0,5,11,0,2,0,40,17,86,1, 1.0
9,6,47,0,5,11,0,3,0,40,17,86,1, 1.0
9,6,47,0,5,11,0,4,0,40,17,86,1, 1.0
7,0,66,15,6,12,1,0,1,60,14,99,30, 1.0
7,0,66,15,6,12,1,1,1,60,14,99,30, 1.0
7,0,66,15,6,12,1,2,1,60,14,99,30, 1.0
7,0,66,15,6,12,1,3,1,60,14,99,30, 1.0
7,0,66,15,6,12,1,4,1,60,14,99,30, 1.0
2,1,26,7,5,0,4,0,1,46,35,91,19, 1.0
2,1,26,7,5,0,4,1,1,46,35,91,19, 1.0
2,1,26,7,5,0,4,2,1,46,35,91,19, 1.0
2,1,26,7,5,0,4,3,1,46,35,91,19, 1.0
2,1,26,7,5,0,4,4,1,46,35,91,19, 1.0
3,3,23,6,0,5,1,0,0,10,27,30,35, 1.0
3,3,23,6,0,5,1,1,0,10,27,30,35, 1.0
3,3,23,6,0,5,1,2,0,10,27,30,35, 1.0
3,3,23,6,0,5,1,3,0,10,27,30,35, 1.0
3,3,23,6,0,5,1,4,0,10,27,30,35, 1.0
4,6,4,15,2,2,5,0,0,81,20,72,30, 1.0
4,6,4,15,2,2,5,1,0,81,20,72,30, 1.0
4,6,4,15,2,2,5,2,0,81,20,72,30, 1.0
4,6,4,15,2,2,5,3,0,81,20,72,30, 1.0
4,6,4,15,2,2,5,4,0,81,20,72,30, 1.0
2,2,45,13,1,2,3,0,0,1,16,19,4, -1.0
2,2,45,13,1,2,3,1,0,1,16,19,4, -1.0
2,2,45,13,1,2,3,2,0,1,16,19,4, -1.0
2,2,45,13,1,2,3,3,0,1,16,19,4, -1.0
2,2,45,13,1,2,3,4,0,1,16,19,4, -1.0
2,0,60,15,6,13,3,0,1,19,21,67,30, -1.0
2,0,60,15,6,13,3,1,1,19,21,67,30, -1.0
2,0,60,15,6,13,3,2,1,19,21,67,30, -1.0
2,0,60,15,6,13,3,3,1,19,21,67,30, -1.0
2,0,60,15,6,13,3,4,1,19,21,67,30, -1.0
5,1,58,13,2,7,1,0,1,22,8,98,23, 1.0
5,1,58,13,2,7,1,1,1,22,8,98,23, 1.0
5,1,58,13,2,7,1,2,1,22,8,98,23, 1.0
5,1,58,13,2,7,1,3,1,22,8,98,23, 1.0
5,1,58,13,2,7,1,4,1,22,8,98,23, 1.0
8,6,44,13,4,5,2,0,1,17,34,50,9, 1.0
8,6,44,13,4,5,2,1,1,17,34,50,9, 1.0
8,6,44,13,4,5,2,2,1,17,34,50,9, 1.0
8,6,44,13,4,5,2,3,1,17,34,50,9, 1.0
8,6,44,13,4,5,2,4,1,17,34,50,9, 1.0
7,0,13,6,4,6,2,0,1,70,36,57,30, 1.0
7,0,13,6,4,6,2,1,1,70,36,57,30, 1.0
7,0,13,6,4,6,2,2,1,70,36,57,30, 1.0
7,0,13,6,4,6,2,3,1,70,36,57,30, 1.0
7,0,13,6,4,6,2,4,1,70,36,57,30, 1.0
7,3,34,14,2,13,3,0,1,6,38,34,38, 1.0
7,3,34,14,2,13,3,1,1,6,38,34,38, 1.0
7,3,34,14,2,13,3,2,1,6,38,34,38, 1.0
7,3,34,14,2,13,3,3,1,6,38,34,38, 1.0
7,3,34,14,2,13,3,4,1,6,38,34,38, 1.0
0,2,7,1,6,4,5,0,1,15,30,21,10, -1.0
0,2,7,1,6,4,5,1,1,15,30,21,10, -1.0
0,2,7,1,6,4,5,2,1,15,30,21,10, -1.0
0,2,7,1,6,4,5,3,1,15,30,21,10, -1.0
0,2,7,1,6,4,5,4,1,15,30,21,10, -1.0
5,3,20,6,3,13,1,0,0,89,31,56,28, 1.0
5,3,20,6,3,13,1,1,0,89,31,56,28, 1.0
5,3,20,6,3,13,1,2,0,89,31,56,28, 1.0
5,3,20,6,3,13,1,3,0,89,31,56,28, 1.0
5,3,20,6,3,13,1,4,0,89,31,56,28, 1.0
4,3,66,3,3,8,4,0,0,16,6,25,6, -1.0
4,3,66,3,3,8,4,1,0,16,6,25,6, -1.0
4,3,66,3,3,8,4,2,0,16,6,25,6, -1.0
4,3,66,3,3,8,4,3,0,16,6,25,6, -1.0
4,3,66,3,3,8,4,4,0,16,6,25,6, -1.0
8,2,17,9,6,10,3,0,0,1,39,65,16, -1.0
8,2,17,9,6,10,3,1,0,1,39,65,16, -1.0
8,2,17,9,6,10,3,2,0,1,39,65,16, -1.0
8,2,17,9,6,10,3,3,0,1,39,65,16, -1.0
8,2,17,9,6,10,3,4,0,1,39,65,16, -1.0
7,2,37,2,6,4,4,0,0,12,27,56,6, -1.0
7,2,37,2,6,4,4,1,0,12,27,56,6, -1.0
7,2,37,2,6,4,4,2,0,12,27,56,6, -1.0
7,2,37,2,6,4,4,3,0,12,27,56,6, -1.0
7,2,37,2,6,4,4,4,0,12,27,56,6, -1.0
1,2,54,11,1,0,5,0,0,27,32,62,4, 1.0
1,2,54,11,1,0,5,1,0,27,32,62,4, 1.0
1,2,54,11,1,0,5,2,0,27,32,62,4, 1.0
1,2,54,11,1,0,5,3,0,27,32,62,4, 1.0
1,2,54,11,1,0,5,4,0,27,32,62,4, 1.0
8,7,67,7,0,2,2,0,0,85,24,18,27, 1.0
8,7,67,7,0,2,2,1,0,85,24,18,27, 1.0
8,7,67,7,0,2,2,2,0,85,24,18,27, 1.0
8,7,67,7,0,2,2,3,0,85,24,18,27, 1.0
8,7,67,7,0,2,2,4,0,85,24,18,27, 1.0
9,3,2,11,2,0,1,0,0,6,39,3,14, 1.0
9,3,2,11,2,0,1,1,0,6,39,3,14, 1.0
9,3,2,11,2,0,1,2,0,6,39,3,14, 1.0
9,3,2,11,2,0,1,3,0,6,39,3,14, 1.0
9,3,2,11,2,0,1,4,0,6,39,3,14, 1.0
2,2,21,13,2,9,0,0,1,83,3,16,9, 1.0
2,2,21,13,2,9,0,1,1,83,3,16,9, 1.0
2,2,21,13,2,9,0,2,1,83,3,16,9, 1.0
2,2,21,13,2,9,0,3,1,83,3,16,9, 1.0
2,2,21,13,2,9,0,4,1,83,3,16,9, 1.0
7,5,68,14,3,1,2,0,1,5,31,59,34, 1.0
7,5,68,14,3,1,2,1,1,5,31,59,34, 1.0
7,5,68,14,3,1,2,2,1,5,31,59,34, 1.0
7,5,68,14,3,1,2,3,1,5,31,59,34, 1.0
7,5,68,14,3,1,2,4,1,5,31,59,34, 1.0
0,7,37,5,5,6,2,0,1,22,10,46,11, -1.0
0,7,37,5,5,6,2,1,1,22,10,46,11, -1.0
0,7,37,5,5,6,2,2,1,22,10,46,11, -1.0
0,7,37,5,5,6,2,3,1,22,10,46,11, -1.0
0,7,37,5,5,6,2,4,1,22,10,46,11, -1.0
5,5,49,10,5,3,4,0,1,36,0,83,8, -1.0
5,5,49,10,5,3,4,1,1,36,0,83,8, -1.0
5,5,49,10,5,3,4,2,1,36,0,83,8, -1.0
5,5,49,10,5,3,4,3,1,36,0,83,8, -1.0
5,5,49,10,5,3,4,4,1,36,0,83,8, -1.0
7,4,19,13,3,2,4,0,1,61,16,7,24, 1.0
7,4,19,13,3,2,4,1,1,61,16,7,24, 1.0
7,4,19,13,3,2,4,2,1,61,16,7,24, 1.0
7,4,19,13,3,2,4,3,1,61,16,7,24, 1.0
7,4,19,13,3,2,4,4,1,61,16,7,24, 1.0
9,0,53,4,6,9,1,0,1,89,7,67,8, 1.0
9,0,53,4,6,9,1,1,1,89,7,67,8, 1.0
9,0,53,4,6,9,1,2,1,89,7,67,8, 1.0
9,0,53,4,6,9,1,3,1,89,7,67,8, 1.0
9,0,53,4,6,9,1,4,1,89,7,67,8, 1.0
2,2,32,12,5,6,4,0,0,76,17,89,27, 1.0
2,2,32,12,5,6,4,1,0,76,17,89,27, 1.0
2,2,32,12,5,6,4,2,0,76,17,89,27, 1.0
2,2,32,12,5,6,4,3,0,76,17,89,27, 1.0
2,2,32,12,5,6,4,4,0,76,17,89,27, 1.0
0,4,64,11,6,2,2,0,0,89,33,45,6, 1.0
0,4,64,11,6,2,2,1,0,89,33,45,6, 1.0
0,4,64,11,6,2,2,2,0,89,33,45,6, 1.0
0,4,64,11,6,2,2,3,0,89,33,45,6, 1.0
0,4,64,11,6,2,2,4,0,89,33,45,6, 1.0
4,1,53,6,1,1,5,0,0,10,12,70,37, 1.0
4,1,53,6,1,1,5,1,0,10,12,70,37, 1.0
4,1,53,6,1,1,5,2,0,10,12,70,37, 1.0
4,1,53,6,1,1,5,3,0,10,12,70,37, 1.0
4,1,53,6,1,1,5,4,0,10,12,70,37, 1.0
4,7,16,11,3,6,1,0,1,25,14,13,10, 1.0
4,7,16,11,3,6,1,1,1,25,14,13,10, 1.0
4,7,16,11,3,6,1,2,1,25,14,13,10, 1.0
4,7,16,11,3,6,1,3,1,25,14,13,10, 1.0
4,7,16,11,3,6,1,4,1,25,14,13,10, 1.0
3,3,56,7,2,11,2,0,0,49,1,33,38, 1.0
3,3,56,7,2,11,2,1,0,49,1,33,38, 1.0
3,3,56,7,2,11,2,2,0,49,1,33,38, 1.0
3,3,56,7,2,11,2,3,0,49,1,33,38, 1.0
3,3,56,7,2,11,2,4,0,49,1,33,38, 1.0
8,4,17,5,6,3,3,0,1,36,27,94,29, 1.0
8,4,17,5,6,3,3,1,1,36,27,94,29, 1.0
8,4,17,5,6,3,3,2,1,36,27,94,29, 1.0
8,4,17,5,6,3,3,3,1,36,27,94,29, 1.0
8,4,17,5,6,3,3,4,1,36,27,94,29, 1.0
7,5,39,4,5,9,0,0,0,57,2,68,36, 1.0
7,5,39,4,5,9,0,1,0,57,2,68,36, 1.0
7,5,39,4,5,9,0,2,0,57,2,68,36, 1.0
7,5,39,4,5,9,0,3,0,57,2,68,36, 1.0
7,5,39,4,5,9,0,4,0,57,2,68,36, 1.0
5,4,46,13,0,10,2,0,0,2,4,4,28, -1.0
5,4,46,13,0,10,2,1,0,2,4,4,28, -1.0
5,4,46,13,0,10,2,2,0,2,4,4,28, -1.0
5,4,46,13,0,10,2,3,0,2,4,4,28, -1.0
5,4,46,13,0,10,2,4,0,2,4,4,28, -1.0
9,2,17,13,1,7,3,0,1,46,36,61,29, 1.0
9,2,17,13,1,7,3,1,1,46,36,61,29, 1.0
9,2,17,13,1,7,3,2,1,46,36,61,29, 1.0
9,2,17,13,1,7,3,3,1,46,36,61,29, 1.0
9,2,17,13,1,7,3,4,1,46,36,61,29, 1.0
9,0,8,1,1,6,4,0,1,19,2,5,34, 1.0
9,0,8,1,1,6,4,1,1,19,2,5,34, 1.0
9,0,8,1,1,6,4,2,1,19,2,5,34, 1.0
9,0,8,1,1,6,4,3,1,19,2,5,34, 1.0
9,0,8,1,1,6,4,4,1,19,2,5,34, 1.0
1,5,39,0,3,7,5,0,0,97,27,76,13, 1.0
1,5,39,0,3,7,5,1,0,97,27,76,13, 1.0
1,5,39,0,3,7,5,2,0,97,27,76,13, 1.0
1,5,39,0,3,7,5,3,0,97,27,76,13, 1.0
1,5,39,0,3,7,5,4,0,97,27,76,13, 1.0
4,2,29,7,5,8,1,0,1,57,35,81,7, 1.0
4,2,29,7,5,8,1,1,1,57,35,81,7, 1.0
4,2,29,7,5,8,1,2,1,57,35,81,7, 1.0
4,2,29,7,5,8,1,3,1,57,35,81,7, 1.0
4,2,29,7,5,8,1,4,1,57,35,81,7, 1.0
2,6,55,15,6,4,3,0,0,33,11,53,7, -1.0
2,6,55,15,6,4,3,1,0,33,11,53,7, -1.0
2,6,55,15,6,4,3,2,0,33,11,53,7, -1.0
2,6,55,15,6,4,3,3,0,33,11,53,7, -1.0
2,6,55,15,6,4,3,4,0,33,11,53,7, -1.0
4,1,59,14,6,8,5,0,1,81,29,54,28, 1.0
4,1,59,14,6,8,5,1,1,81,29,54,28, 1.0
4,1,59,14,6,8,5,2,1,81,29,54,28, 1.0
4,1,59,14,6,8,5,3,1,81,29,54,28, 1.0
4,1,59,14,6,8,5,4,1,81,29,54,28, 1.0
0,6,63,8,0,7,1,0,1,90,39,58,6, 1.0
0,6,63,8,0,7,1,1,1,90,39,58,6, 1.0
0,6,63,8,0,7,1,2,1,90,39,58,6, 1.0
0,6,63,8,0,7,1,3,1,90,39,58,6, 1.0
0,6,63,8,0,7,1,4,1,90,39,58,6, 1.0
0,6,0,12,0,8,3,0,0,98,39,22,31, 1.0
0,6,0,12,0,8,3,1,0,98,39,22,31, 1.0
0,6,0,12,0,8,3,2,0,98,39,22,31, 1.0
0,6,0,12,0,8,3,3,0,98,39,22,31, 1.0
0,6,0,12,0,8,3,4,0,98,39,22,31, 1.0
5,4,40,9,3,13,0,0,0,49,19,71,15, 1.0
5,4,40,9,3,13,0,1,0,49,19,71,15, 1.0
5,4,40,9,3,13,0,2,0,49,19,71,15, 1.0
5,4,40,9,3,13,0,3,0,49,19,71,15, 1.0
5,4,40,9,3,13,0,4,0,49,19,71,15, 1.0
3,0,7,5,1,7,1,0,0,80,19,87,6, 1.0
3,0,7,5,1,7,1,1,0,80,19,87,6, 1.0
3,0,7,5,1,7,1,2,0,80,19,87,6, 1.0
3,0,7,5,1,7,1,3,0,80,19,87,6, 1.0
3,0,7,5,1,7,1,4,0,80,19,87,6, 1.0
4,3,62,3,2,12,5,0,1,84,10,64,8, 1.0
4,3,62,3,2,12,5,1,1,84,10,64,8, 1.0
4,3,62,3,2,12,5,2,1,84,10,64,8, 1.0
4,3,62,3,2,12,5,3,1,84,10,64,8, 1.0
4,3,62,3,2,12,5,4,1,84,10,64,8, 1.0
8,0,33,9,0,9,2,0,0,85,17,21,13, 1.0
8,0,33,9,0,9,2,1,0,85,17,21,13, 1.0
8,0,33,9,0,9,2,2,0,85,17,21,13, 1.0
8,0,33,9,0,9,2,3,0,85,17,21,13, 1.0
8,0,33,9,0,9,2,4,0,85,17,21,13, 1.0
8,5,44,11,4,5,4,0,0,54,1,2,8, 1.0
8,5,44,11,4,5,4,1,0,54,1,2,8, 1.0
8,5,44,11,4,5,4,2,0,54,1,2,8, 1.0
8,5,44,11,4,5,4,3,0,54,1,2,8, 1.0
8,5,44,11,4,5,4,4,0,54,1,2,8, 1.0
7,5,27,9,5,4,0,0,1,85,14,60,10, 1.0
7,5,27,9,5,4,0,1,1,85,14,60,10, 1.0
7,5,27,9,5,4,0,2,1,85,14,60,10, 1.0
7,5,27,9,5,4,0,3,1,85,14,60,10, 1.0
7,5,27,9,5,4,0,4,1,85,14,60,10, 1.0
5,7,18,9,2,13,0,0,0,97,31,58,34, 1.0
5,7,18,9,2,13,0,1,0,97,31,58,34, 1.0
5,7,18,9,2,13,0,2,0,97,31,58,34, 1.0
5,7,18,9,2,13,0,3,0,97,31,58,34, 1.0
5,7,18,9,2,13,0,4,0,97,31,58,34, 1.0
7,3,21,11,0,1,4,0,0,68,26,76,17, 1.0
7,3,21,11,0,1,4,1,0,68,26,76,17, 1.0
7,3,21,11,0,1,4,2,0,68,26,76,17, 1.0
7,3,21,11,0,1,4,3,0,68,26,76,17, 1.0
7,3,21,11,0,1,4,4,0,68,26,76,17, 1.0
8,0,1,0,4,13,5,0,0,1,10,8,7, -1.0
8,0,1,0,4,13,5,1,0,1,10,8,7, -1.0
8,0,1,0,4,13,5,2,0,1,10,8,7, -1.0
8,0,1,0,4,13,5,3,0,1,10,8,7, -1.0
8,0,1,0,4,13,5,4,0,1,10,8,7, -1.0
3,3,7,0,3,7,5,0,0,40,36,25,24, 1.0
3,3,7,0,3,7,5,1,0,40,36,25,24, 1.0
3,3,7,0,3,7,5,2,0,40,36,25,24, 1.0
3,3,7,0,3,7,5,3,0,40,36,25,24, 1.0
3,3,7,0,3,7,5,4,0,40,36,25,24, 1.0
6,0,3,10,0,11,1,0,0,74,37,52,34, 1.0
6,0,3,10,0,11,1,1,0,74,37,52,34, 1.0
6,0,3,10,0,11,1,2,0,74,37,52,34, 1.0
6,0,3,10,0,11,1,3,0,74,37,52,34, 1.0
6,0,3,10,0,11,1,4,0,74,37,52,34, 1.0
3,1,52,10,5,0,2,0,1,77,19,53,4, 1.0
3,1,52,10,5,0,2,1,1,77,19,53,4, 1.0
3,1,52,10,5,0,2,2,1,77,19,53,4, 1.0
3,1,52,10,5,0,2,3,1,77,19,53,4, 1.0
3,1,52,10,5,0,2,4,1,77,19,53,4, 1.0
2,5,37,5,3,2,4,0,1,89,27,43,32, 1.0
2,5,37,5,3,2,4,1,1,89,27,43,32, 1.0
2,5,37,5,3,2,4,2,1,89,27,43,32, 1.0
2,5,37,5,3,2,4,3,1,89,27,43,32, 1.0
2,5,37,5,3,2,4,4,1,89,27,43,32, 1.0
8,1,31,4,4,3,4,0,0,86,14,72,0, 1.0
8,1,31,4,4,3,4,1,0,86,14,72,0, 1.0
8,1,31,4,4,3,4,2,0,86,14,72,0, 1.0
8,1,31,4,4,3,4,3,0,86,14,72,0, 1.0
8,1,31,4,4,3,4,4,0,86,14,72,0, 1.0
6,0,41,11,1,11,2,0,1,98,39,14,23, 1.0
6,0,41,11,1,11,2,1,1,98,39,14,23, 1.0
6,0,41,11,1,11,2,2,1,98,39,14,23, 1.0
6,0,41,11,1,11,2,3,1,98,39,14,23, 1.0
6,0,41,11,1,11,2,4,1,98,39,14,23, 1.0
0,7,12,0,5,0,5,0,1,86,17,17,32, 1.0
0,7,12,0,5,0,5,1,1,86,17,17,32, 1.0
0,7,12,0,5,0,5,2,1,86,17,17,32, 1.0
0,7,12,0,5,0,5,3,1,86,17,17,32, 1.0
0,7,12,0,5,0,5,4,1,86,17,17,32, 1.0
2,3,34,8,2,7,1,0,0,14,37,91,5, 1.0
2,3,34,8,2,7,1,1,0,14,37,91,5, 1.0
2,3,34,8,2,7,1,2,0,14,37,91,5, 1.0
2,3,34,8,2,7,1,3,0,14,37,91,5, 1.0
2,3,34,8,2,7,1,4,0,14,37,91,5, 1.0
1,3,44,13,0,1,1,0,0,38,12,3,38, 1.0
1,3,44,13,0,1,1,1,0,38,12,3,38, 1.0
1,3,44,13,0,1,1,2,0,38,12,3,38, 1.0
1,3,44,13,0,1,1,3,0,38,12,3,38, 1.0
1,3,44,13,0,1,1,4,0,38,12,3,38, 1.0
7,4,41,13,5,7,1,0,1,61,19,86,23, 1.0
7,4,41,13,5,7,1,1,1,61,19,86,23, 1.0
7,4,41,13,5,7,1,2,1,61,19,86,23, 1.0
7,4,41,13,5,7,1,3,1,61,19,86,23, 1.0
7,4,41,13,5,7,1,4,1,61,19,86,23, 1.0
4,7,50,8,3,7,3,0,1,6,8,80,8, -1.0
4,7,50,8,3,7,3,1,1,6,8,80,8, -1.0
4,7,50,8,3,7,3,2,1,6,8,80,8, -1.0
4,7,50,8,3,7,3,3,1,6,8,80,8, -1.0
4,7,50,8,3,7,3,4,1,6,8,80,8, -1.0
5,3,9,10,3,1,0,0,1,1,5,81,15, 1.0
5,3,9,10,3,1,0,1,1,1,5,81,15, 1.0
5,3,9,10,3,1,0,2,1,1,5,81,15, 1.0
5,3,9,10,3,1,0,3,1,1,5,81,15, 1.0
5,3,9,10,3,1,0,4,1,1,5,81,15, 1.0
8,2,30,12,2,12,1,0,0,61,0,91,13, 1.0
8,2,30,12,2,12,1,1,0,61,0,91,13, 1.0
8,2,30,12,2,12,1,2,0,61,0,91,13, 1.0
8,2,30,12,2,12,1,3,0,61,0,91,13, 1.0
8,2,30,12,2,12,1,4,0,61,0,91,13, 1.0
4,7,16,15,5,5,1,0,0,31,17,27,8, -1.0
4,7,16,15,5,5,1,1,0,31,17,27,8, -1.0
4,7,16,15,5,5,1,2,0,31,17,27,8, -1.0
4,7,16,15,5,5,1,3,0,31,17,27,8, -1.0
4,7,16,15,5,5,1,4,0,31,17,27,8, -1.0
3,7,47,5,2,7,3,0,0,46,30,33,35, 1.0
3,7,47,5,2,7,3,1,0,46,30,33,35, 1.0
3,7,47,5,2,7,3,2,0,46,30,33,35, 1.0
3,7,47,5,2,7,3,3,0,46,30,33,35, 1.0
3,7,47,5,2,7,3,4,0,46,30,33,35, 1.0
9,7,35,4,5,9,4,0,1,39,0,78,20, 1.0
9,7,35,4,5,9,4,1,1,39,0,78,20, 1.0
9,7,35,4,5,9,4,2,1,39,0,78,20, 1.0
9,7,35,4,5,9,4,3,1,39,0,78,20, 1.0
9,7,35,4,5,9,4,4,1,39,0,78,20, 1.0
1,5,57,6,0,9,1,0,0,75,33,10,9, 1.0
1,5,57,6,0,9,1,1,0,75,33,10,9, 1.0
1,5,57,6,0,9,1,2,0,75,33,10,9, 1.0
1,5,57,6,0,9,1,3,0,75,33,10,9, 1.0
1,5,57,6,0,9,1,4,0,75,33,10,9, 1.0
5,6,11,6,2,12,5,0,1,86,18,50,32, 1.0
5,6,11,6,2,12,5,1,1,86,18,50,32, 1.0
5,6,11,6,2,12,5,2,1,86,18,50,32, 1.0
5,6,11,6,2,12,5,3,1,86,18,50,32, 1.0
5,6,11,6,2,12,5,4,1,86,18,50,32, 1.0
4,2,16,10,0,4,3,0,1,23,26,36,20, 1.0
4,2,16,10,0,4,3,1,1,23,26,36,20, 1.0
4,2,16,10,0,4,3,2,1,23,26,36,20, 1.0
4,2,16,10,0,4,3,3,1,23,26,36,20, 1.0
4,2,16,10,0,4,3,4,1,23,26,36,20, 1.0
0,7,35,15,1,9,2,0,1,3,27,65,5, 1.0
0,7,35,15,1,9,2,1,1,3,27,65,5, 1.0
0,7,35,15,1,9,2,2,1,3,27,65,5, 1.0
0,7,35,15,1,9,2,3,1,3,27,65,5, 1.0
0,7,35,15,1,9,2,4,1,3,27,65,5, 1.0
7,4,19,4,4,1,4,0,1,18,18,31,10, 1.0
7,4,19,4,4,1,4,1,1,18,18,31,10, 1.0
7,4,19,4,4,1,4,2,1,18,18,31,10, 1.0
7,4,19,4,4,1,4,3,1,18,18,31,10, 1.0
7,4,19,4,4,1,4,4,1,18,18,31,10, 1.0
5,2,11,2,6,5,5,0,0,49,39,89,12, 1.0
5,2,11,2,6,5,5,1,0,49,39,89,12, 1.0
5,2,11,2,6,5,5,2,0,49,39,89,12, 1.0
5,2,11,2,6,5,5,3,0,49,39,89,12, 1.0
5,2,11,2,6,5,5,4,0,49,39,89,12, 1.0
8,3,52,3,3,9,4,0,1,75,22,14,16, 1.0
8,3,52,3,3,9,4,1,1,75,22,14,16, 1.0
8,3,52,3,3,9,4,2,1,75,22,14,16, 1.0
8,3,52,3,3,9,4,3,1,75,22,14,16, 1.0
8,3,52,3,3,9,4,4,1,75,22,14,16, 1.0
7,6,54,0,6,10,4,0,0,22,37,23,6, -1.0
7,6,54,0,6,10,4,1,0,22,37,23,6, -1.0
7,6,54,0,6,10,4,2,0,22,37,23,6, -1.0
7,6,54,0,6,10,4,3,0,22,37,23,6, -1.0
7,6,54,0,6,10,4,4,0,22,37,23,6, -1.0
5,0,16,9,0,8,2,0,0,39,31,57,38, 1.0
5,0,16,9,0,8,2,1,0,39,31,57,38, 1.0
5,0,16,9,0,8,2,2,0,39,31,57,38, 1.0
5,0,16,9,0,8,2,3,0,39,31,57,38, 1.0
5,0,16,9,0,8,2,4,0,39,31,57,38, 1.0
4,7,37,9,3,1,5,0,1,21,32,75,16, 1.0
4,7,37,9,3,1,5,1,1,21,32,75,16, 1.0
4,7,37,9,3,1,5,2,1,21,32,75,16, 1.0
4,7,37,9,3,1,5,3,1,21,32,75,16, 1.0
4,7,37,9,3,1,5,4,1,21,32,75,16, 1.0
1,5,34,2,1,10,2,0,0,98,14,81,29, 1.0
1,5,34,2,1,10,2,1,0,98,14,81,29, 1.0
1,5,34,2,1,10,2,2,0,98,14,81,29, 1.0
1,5,34,2,1,10,2,3,0,98,14,81,29, 1.0
1,5,34,2,1,10,2,4,0,98,14,81,29, 1.0
5,6,54,7,1,7,5,0,0,8,22,39,28, 1.0
5,6,54,7,1,7,5,1,0,8,22,39,28, 1.0
5,6,54,7,1,7,5,2,0,8,22,39,28, 1.0
5,6,54,7,1,7,5,3,0,8,22,39,28, 1.0
5,6,54,7,1,7,5,4,0,8,22,39,28, 1.0
2,5,11,1,4,9,3,0,0,3,25,55,17, -1.0
2,5,11,1,4,9,3,1,0,3,25,55,17, -1.0
2,5,11,1,4,9,3,2,0,3,25,55,17, -1.0
2,5,11,1,4,9,3,3,0,3,25,55,17, -1.0
2,5,11,1,4,9,3,4,0,3,25,55,17, -1.0
6,1,42,6,5,7,4,0,0,44,32,74,28, 1.0
6,1,42,6,5,7,4,1,0,44,32,74,28, 1.0
6,1,42,6,5,7,4,2,0,44,32,74,28, 1.0
6,1,42,6,5,7,4,3,0,44,32,74,28, 1.0
6,1,42,6,5,7,4,4,0,44,32,74,28, 1.0
6,3,68,5,4,12,3,0,1,62,18,93,23, 1.0
6,3,68,5,4,12,3,1,1,62,18,93,23, 1.0
6,3,68,5,4,12,3,2,1,62,18,93,23, 1.0
6,3,68,5,4,12,3,3,1,62,18,93,23, 1.0
6,3,68,5,4,12,3,4,1,62,18,93,23, 1.0
1,2,52,15,2,10,2,0,0,99,6,89,5, 1.0
1,2,52,15,2,10,2,1,0,99,6,89,5, 1.0
1,2,52,15,2,10,2,2,0,99,6,89,5, 1.0
1,2,52,15,2,10,2,3,0,99,6,89,5, 1.0
1,2,52,15,2,10,2,4,0,99,6,89,5, 1.0
8,2,35,12,2,4,2,0,1,39,20,43,31, 1.0
8,2,35,12,2,4,2,1,1,39,20,43,31, 1.0
8,2,35,12,2,4,2,2,1,39,20,43,31, 1.0
8,2,35,12,2,4,2,3,1,39,20,43,31, 1.0
8,2,35,12,2,4,2,4,1,39,20,43,31, 1.0
2,7,61,5,2,13,0,0,0,31,9,5,11, -1.0
2,7,61,5,2,13,0,1,0,31,9,5,11, -1.0
2,7,61,5,2,13,0,2,0,31,9,5,11, -1.0
2,7,61,5,2,13,0,3,0,31,9,5,11, -1.0
2,7,61,5,2,13,0,4,0,31,9,5,11, -1.0
9,6,66,9,5,5,1,0,0,62,7,42,18, 1.0
9,6,66,9,5,5,1,1,0,62,7,42,18, 1.0
9,6,66,9,5,5,1,2,0,62,7,42,18, 1.0
9,6,66,9,5,5,1,3,0,62,7,42,18, 1.0
9,6,66,9,5,5,1,4,0,62,7,42,18, 1.0
0,5,22,8,4,7,3,0,1,41,9,33,25, -1.0
0,5,22,8,4,7,3,1,1,41,9,33,25, -1.0
0,5,22,8,4,7,3,2,1,41,9,33,25, -1.0
0,5,22,8,4,7,3,3,1,41,9,33,25, -1.0
0,5,22,8,4,7,3,4,1,41,9,33,25, -1.0
9,6,30,0,0,5,3,0,1,3,17,60,6, 1.0
9,6,30,0,0,5,3,1,1,3,17,60,6, 1.0
9,6,30,0,0,5,3,2,1,3,17,60,6, 1.0
9,6,30,0,0,5,3,3,1,3,17,60,6, 1.0
9,6,30,0,0,5,3,4,1,3,17,60,6, 1.0
7,1,64,7,1,12,2,0,0,8,6,80,28, 1.0
7,1,64,7,1,12,2,1,0,8,6,80,28, 1.0
7,1,64,7,1,12,2,2,0,8,6,80,28, 1.0
7,1,64,7,1,12,2,3,0,8,6,80,28, 1.0
7,1,64,7,1,12,2,4,0,8,6,80,28, 1.0
8,5,2,12,0,4,0,0,1,92,10,82,1, 1.0
8,5,2,12,0,4,0,1,1,92,10,82,1, 1.0
8,5,2,12,0,4,0,2,1,92,10,82,1, 1.0
8,5,2,12,0,4,0,3,1,92,10,82,1, 1.0
8,5,2,12,0,4,0,4,1,92,10,82,1, 1.0
4,6,9,3,2,11,4,0,1,32,1,17,3, 1.0
4,6,9,3,2,11,4,1,1,32,1,17,3, 1.0
4,6,9,3,2,11,4,2,1,32,1,17,3, 1.0
4,6,9,3,2,11,4,3,1,32,1,17,3, 1.0
4,6,9,3,2,11,4,4,1,32,1,17,3, 1.0
4,0,21,1,1,7,5,0,0,76,17,84,20, 1.0
4,0,21,1,1,7,5,1,0,76,17,84,20, 1.0
4,0,21,1,1,7,5,2,0,76,17,84,20, 1.0
4,0,21,1,1,7,5,3,0,76,17,84,20, 1.0
4,0,21,1,1,7,5,4,0,76,17,84,20, 1.0
7,0,8,8,6,0,3,0,0,11,9,34,0, -1.0
7,0,8,8,6,0,3,1,0,11,9,34,0, -1.0
7,0,8,8,6,0,3,2,0,11,9,34,0, -1.0
7,0,8,8,6,0,3,3,0,11,9,34,0, -1.0
7,0,8,8,6,0,3,4,0,11,9,34,0, -1.0
3,6,20,7,3,7,3,0,1,47,9,27,12, 1.0
3,6,20,7,3,7,3,1,1,47,9,27,12, 1.0
3,6,20,7,3,7,3,2,1,47,9,27,12, 1.0
3,6,20,7,3,7,3,3,1,47,9,27,12, 1.0
3,6,20,7,3,7,3,4,1,47,9,27,12, 1.0
8,7,52,13,2,3,1,0,0,10,22,43,9, 1.0
8,7,52,13,2,3,1,1,0,10,22,43,9, 1.0
8,7,52,13,2,3,1,2,0,10,22,43,9, 1.0
8,7,52,13,2,3,1,3,0,10,22,43,9, 1.0
8,7,52,13,2,3,1,4,0,10,22,43,9, 1.0
4,3,35,7,3,11,2,0,0,21,12,22,36, -1.0
4,3,35,7,3,11,2,1,0,21,12,22,36, -1.0
4,3,35,7,3,11,2,2,0,21,12,22,36, -1.0
4,3,35,7,3,11,2,3,0,21,12,22,36, -1.0
4,3,35,7,3,11,2,4,0,21,12,22,36, -1.0
2,1,13,5,0,2,5,0,1,99,5,22,5, 1.0
2,1,13,5,0,2,5,1,1,99,5,22,5, 1.0
2,1,13,5,0,2,5,2,1,99,5,22,5, 1.0
2,1,13,5,0,2,5,3,1,99,5,22,5, 1.0
2,1,13,5,0,2,5,4,1,99,5,22,5, 1.0
9,4,65,15,2,10,3,0,0,34,3,16,7, 1.0
9,4,65,15,2,10,3,1,0,34,3,16,7, 1.0
9,4,65,15,2,10,3,2,0,34,3,16,7, 1.0
9,4,65,15,2,10,3,3,0,34,3,16,7, 1.0
9,4,65,15,2,10,3,4,0,34,3,16,7, 1.0
4,7,3,2,3,4,0,0,1,34,32,49,0, 1.0
4,7,3,2,3,4,0,1,1,34,32,49,0, 1.0
4,7,3,2,3,4,0,2,1,34,32,49,0, 1.0
4,7,3,2,3,4,0,3,1,34,32,49,0, 1.0
4,7,3,2,3,4,0,4,1,34,32,49,0, 1.0
1,0,66,14,6,0,5,0,0,31,23,12,24, -1.0
1,0,66,14,6,0,5,1,0,31,23,12,24, -1.0
1,0,66,14,6,0,5,2,0,31,23,12,24, -1.0
1,0,66,14,6,0,5,3,0,31,23,12,24, -1.0
1,0,66,14,6,0,5,4,0,31,23,12,24, -1.0
9,5,61,3,2,5,4,0,1,39,6,64,5, 1.0
9,5,61,3,2,5,4,1,1,39,6,64,5, 1.0
9,5,61,3,2,5,4,2,1,39,6,64,5, 1.0
9,5,61,3,2,5,4,3,1,39,6,64,5, 1.0
9,5,61,3,2,5,4,4,1,39,6,64,5, 1.0
1,6,51,13,3,12,2,0,0,12,35,86,18, 1.0
1,6,51,13,3,12,2,1,0,12,35,86,18, 1.0
1,6,51,13,3,12,2,2,0,12,35,86,18, 1.0
1,6,51,13,3,12,2,3,0,12,35,86,18, 1.0
1,6,51,13,3,12,2,4,0,12,35,86,18, 1.0
4,7,51,1,1,12,4,0,1,16,9,91,18, 1.0
4,7,51,1,1,12,4,1,1,16,9,91,18, 1.0
4,7,51,1,1,12,4,2,1,16,9,91,18, 1.0
4,7,51,1,1,12,4,3,1,16,9,91,18, 1.0
4,7,51,1,1,12,4,4,1,16,9,91,18, 1.0
5,4,49,0,6,3,3,0,0,9,21,89,37, -1.0
5,4,49,0,6,3,3,1,0,9,21,89,37, -1.0
5,4,49,0,6,3,3,2,0,9,21,89,37, -1.0
5,4,49,0,6,3,3,3,0,9,21,89,37, -1.0
5,4,49,0,6,3,3,4,0,9,21,89,37, -1.0
9,4,14,6,5,11,4,0,1,7,20,15,16, -1.0
9,4,14,6,5,11,4,1,1,7,20,15,16, -1.0
9,4,14,6,5,11,4,2,1,7,20,15,16, -1.0
9,4,14,6,5,11,4,3,1,7,20,15,16, -1.0
9,4,14,6,5,11,4,4,1,7,20,15,16, -1.0
2,1,21,1,4,6,2,0,0,86,21,5,3, 1.0
2,1,21,1,4,6,2,1,0,86,21,5,3, 1.0
2,1,21,1,4,6,2,2,0,86,21,5,3, 1.0
2,1,21,1,4,6,2,3,0,86,21,5,3, 1.0
2,1,21,1,4,6,2,4,0,86,21,5,3, 1.0
0,4,55,10,0,11,5,0,0,50,0,91,17, 1.0
0,4,55,10,0,11,5,1,0,50,0,91,17, 1.0
0,4,55,10,0,11,5,2,0,50,0,91,17, 1.0
0,4,55,10,0,11,5,3,0,50,0,91,17, 1.0
0,4,55,10,0,11,5,4,0,50,0,91,17, 1.0
2,1,29,13,0,1,2,0,0,37,35,60,33, 1.0
2,1,29,13,0,1,2,1,0,37,35,60,33, 1.0
2,1,29,13,0,1,2,2,0,37,35,60,33, 1.0
2,1,29,13,0,1,2,3,0,37,35,60,33, 1.0
2,1,29,13,0,1,2,4,0,37,35,60,33, 1.0
3,2,62,4,2,10,4,0,1,29,25,15,6, 1.0
3,2,62,4,2,10,4,1,1,29,25,15,6, 1.0
3,2,62,4,2,10,4,2,1,29,25,15,6, 1.0
3,2,62,4,2,10,4,3,1,29,25,15,6, 1.0
3,2,62,4,2,10,4,4,1,29,25,15,6, 1.0
7,1,6,14,1,12,2,0,1,51,37,93,28, 1.0
7,1,6,14,1,12,2,1,1,51,37,93,28, 1.0
7,1,6,14,1,12,2,2,1,51,37,93,28, 1.0
7,1,6,14,1,12,2,3,1,51,37,93,28, 1.0
7,1,6,14,1,12,2,4,1,51,37,93,28, 1.0
0,4,61,1,2,8,0,0,0,89,35,60,39, 1.0
0,4,61,1,2,8,0,1,0,89,35,60,39, 1.0
0,4,61,1,2,8,0,2,0,89,35,60,39, 1.0
0,4,61,1,2,8,0,3,0,89,35,60,39, 1.0
0,4,61,1,2,8,0,4,0,89,35,60,39, 1.0
7,1,7,8,6,2,3,0,1,81,28,85,14, 1.0
7,1,7,8,6,2,3,1,1,81,28,85,14, 1.0
7,1,7,8,6,2,3,2,1,81,28,85,14, 1.0
7,1,7,8,6,2,3,3,1,81,28,85,14, 1.0
7,1,7,8,6,2,3,4,1,81,28,85,14, 1.0
5,5,30,15,1,2,0,0,1,1,11,5,38, 1.0
5,5,30,15,1,2,0,1,1,1,11,5,38, 1.0
5,5,30,15,1,2,0,2,1,1,11,5,38, 1.0
5,5,30,15,1,2,0,3,1,1,11,5,38, 1.0
5,5,30,15,1,2,0,4,1,1,11,5,38, 1.0
9,0,67,6,3,5,0,0,0,60,27,60,20, 1.0
9,0,67,6,3,5,0,1,0,60,27,60,20, 1.0
9,0,67,6,3,5,0,2,0,60,27,60,20, 1.0
9,0,67,6,3,5,0,3,0,60,27,60,20, 1.0
9,0,67,6,3,5,0,4,0,60,27,60,20, 1.0
3,2,51,7,2,12,1,0,0,91,2,65,5, 1.0
3,2,51,7,2,12,1,1,0,91,2,65,5, 1.0
3,2,51,7,2,12,1,2,0,91,2,65,5, 1.0
3,2,51,7,2,12,1,3,0,91,2,65,5, 1.0
3,2,51,7,2,12,1,4,0,91,2,65,5, 1.0
6,6,25,8,1,4,1,0,1,97,30,12,1, 1.0
6,6,25,8,1,4,1,1,1,97,30,12,1, 1.0
6,6,25,8,1,4,1,2,1,97,30,12,1, 1.0
6,6,25,8,1,4,1,3,1,97,30,12,1, 1.0
6,6,25,8,1,4,1,4,1,97,30,12,1, 1.0
2,4,31,2,6,8,0,0,1,79,6,77,35, 1.0
2,4,31,2,6,8,0,1,1,79,6,77,35, 1.0
2,4,31,2,6,8,0,2,1,79,6,77,35, 1.0
2,4,31,2,6,8,0,3,1,79,6,77,35, 1.0
2,4,31,2,6,8,0,4,1,79,6,77,35, 1.0
6,4,23,9,1,11,2,0,1,88,12,36,3, 1.0
6,4,23,9,1,11,2,1,1,88,12,36,3, 1.0
6,4,23,9,1,11,2,2,1,88,12,36,3, 1.0
6,4,23,9,1,11,2,3,1,88,12,36,3, 1.0
6,4,23,9,1,11,2,4,1,88,12,36,3, 1.0
5,3,62,12,2,4,3,0,0,69,22,67,18, 1.0
5,3,62,12,2,4,3,1,0,69,22,67,18, 1.0
5,3,62,12,2,4,3,2,0,69,22,67,18, 1.0
5,3,62,12,2,4,3,3,0,69,22,67,18, 1.0
5,3,62,12,2,4,3,4,0,69,22,67,18, 1.0
3,4,47,0,4,10,2,0,1,91,5,28,30, 1.0
3,4,47,0,4,10,2,1,1,91,5,28,30, 1.0
3,4,47,0,4,10,2,2,1,91,5,28,30, 1.0
3,4,47,0,4,10,2,3,1,91,5,28,30, 1.0
3,4,47,0,4,10,2,4,1,91,5,28,30, 1.0
7,1,48,12,0,5,0,0,0,50,36,68,8, 1.0
7,1,48,12,0,5,0,1,0,50,36,68,8, 1.0
7,1,48,12,0,5,0,2,0,50,36,68,8, 1.0
7,1,48,12,0,5,0,3,0,50,36,68,8, 1.0
7,1,48,12,0,5,0,4,0,50,36,68,8, 1.0
2,6,27,3,3,11,1,0,0,74,22,87,14, 1.0
2,6,27,3,3,11,1,1,0,74,22,87,14, 1.0
2,6,27,3,3,11,1,2,0,74,22,87,14, 1.0
2,6,27,3,3,11,1,3,0,74,22,87,14, 1.0
2,6,27,3,3,11,1,4,0,74,22,87,14, 1.0
3,2,65,0,0,8,3,0,0,21,39,13,30, 1.0
3,2,65,0,0,8,3,1,0,21,39,13,30, 1.0
3,2,65,0,0,8,3,2,0,21,39,13,30, 1.0
3,2,65,0,0,8,3,3,0,21,39,13,30, 1.0
3,2,65,0,0,8,3,4,0,21,39,13,30, 1.0
9,0,39,5,6,6,5,0,1,30,20,3,8, -1.0
9,0,39,5,6,6,5,1,1,30,20,3,8, -1.0
9,0,39,5,6,6,5,2,1,30,20,3,8, -1.0
9,0,39,5,6,6,5,3,1,30,20,3,8, -1.0
9,0,39,5,6,6,5,4,1,30,20,3,8, -1.0
8,6,17,14,3,12,0,0,0,1,31,33,6, 1.0
8,6,17,14,3,12,0,1,0,1,31,33,6, 1.0
8,6,17,14,3,12,0,2,0,1,31,33,6, 1.0
8,6,17,14,3,12,0,3,0,1,31,33,6, 1.0
8,6,17,14,3,12,0,4,0,1,31,33,6, 1.0
5,1,19,1,4,2,3,0,1,39,37,38,17, 1.0
5,1,19,1,4,2,3,1,1,39,37,38,17, 1.0
5,1,19,1,4,2,3,2,1,39,37,38,17, 1.0
5,1,19,1,4,2,3,3,1,39,37,38,17, 1.0
5,1,19,1,4,2,3,4,1,39,37,38,17, 1.0
1,7,19,0,3,4,3,0,1,46,2,42,34, 1.0
1,7,19,0,3,4,3,1,1,46,2,42,34, 1.0
1,7,19,0,3,4,3,2,1,46,2,42,34, 1.0
1,7,19,0,3,4,3,3,1,46,2,42,34, 1.0
1,7,19,0,3,4,3,4,1,46,2,42,34, 1.0
3,2,7,6,2,9,3,0,0,19,13,57,24, 1.0
3,2,7,6,2,9,3,1,0,19,13,57,24, 1.0
3,2,7,6,2,9,3,2,0,19,13,57,24, 1.0
3,2,7,6,2,9,3,3,0,19,13,57,24, 1.0
3,2,7,6,2,9,3,4,0,19,13,57,24, 1.0
7,7,51,1,6,7,2,0,1,73,23,76,11, 1.0
7,7,51,1,6,7,2,1,1,73,23,76,11, 1.0
7,7,51,1,6,7,2,2,1,73,23,76,11, 1.0
7,7,51,1,6,7,2,3,1,73,23,76,11, 1.0
7,7,51,1,6,7,2,4,1,73,23,76,11, 1.0
2,0,65,9,1,9,5,0,1,93,21,83,20, 1.0
2,0,65,9,1,9,5,1,1,93,21,83,20, 1.0
2,0,65,9,1,9,5,2,1,93,21,83,20, 1.0
2,0,65,9,1,9,5,3,1,93,21,83,20, 1.0
2,0,65,9,1,9,5,4,1,93,21,83,20, 1.0
7,7,58,10,1,7,1,0,1,27,32,3,18, 1.0
7,7,58,10,1,7,1,1,1,27,32,3,18, 1.0
7,7,58,10,1,7,1,2,1,27,32,3,18, 1.0
7,7,58,10,1,7,1,3,1,27,32,3,18, 1.0
7,7,58,10,1,7,1,4,1,27,32,3,18, 1.0
4,4,8,9,5,1,4,0,1,57,9,94,8, 1.0
4,4,8,9,5,1,4,1,1,57,9,94,8, 1.0
4,4,8,9,5,1,4,2,1,57,9,94,8, 1.0
4,4,8,9,5,1,4,3,1,57,9,94,8, 1.0
4,4,8,9,5,1,4,4,1,57,9,94,8, 1.0
1,5,20,9,4,7,4,0,1,76,11,10,11, 1.0
1,5,20,9,4,7,4,1,1,76,11,10,11, 1.0
1,5,20,9,4,7,4,2,1,76,11,10,11, 1.0
1,5,20,9,4,7,4,3,1,76,11,10,11, 1.0
1,5,20,9,4,7,4,4,1,76,11,10,11, 1.0
0,0,18,13,0,9,2,0,0,4,39,35,24, 1.0
0,0,18,13,0,9,2,1,0,4,39,35,24, 1.0
0,0,18,13,0,9,2,2,0,4,39,35,24, 1.0
0,0,18,13,0,9,2,3,0,4,39,35,24, 1.0
0,0,18,13,0,9,2,4,0,4,39,35,24, 1.0
8,5,33,15,5,8,2,0,1,25,21,59,14, 1.0
8,5,33,15,5,8,2,1,1,25,21,59,14, 1.0
8,5,33,15,5,8,2,2,1,25,21,59,14, 1.0
8,5,33,15,5,8,2,3,1,25,21,59,14, 1.0
8,5,33,15,5,8,2,4,1,25,21,59,14, 1.0
4,5,65,10,0,12,5,0,1,52,20,11,3, 1.0
4,5,65,10,0,12,5,1,1,52,20,11,3, 1.0
4,5,65,10,0,12,5,2,1,52,20,11,3, 1.0
4,5,65,10,0,12,5,3,1,52,20,11,3, 1.0
4,5,65,10,0,12,5,4,1,52,20,11,3, 1.0
6,3,36,14,2,2,5,0,1,31,4,11,20, 1.0
6,3,36,14,2,2,5,1,1,31,4,11,20, 1.0
6,3,36,14,2,2,5,2,1,31,4,11,20, 1.0
6,3,36,14,2,2,5,3,1,31,4,11,20, 1.0
6,3,36,14,2,2,5,4,1,31,4,11,20, 1.0
8,0,31,13,0,6,1,0,0,39,10,68,8, 1.0
8,0,31,13,0,6,1,1,0,39,10,68,8, 1.0
8,0,31,13,0,6,1,2,0,39,10,68,8, 1.0
8,0,31,13,0,6,1,3,0,39,10,68,8, 1.0
8,0,31,13,0,6,1,4,0,39,10,68,8, 1.0
1,5,33,14,2,3,3,0,0,75,27,57,12, 1.0
1,5,33,14,2,3,3,1,0,75,27,57,12, 1.0
1,5,33,14,2,3,3,2,0,75,27,57,12, 1.0
1,5,33,14,2,3,3,3,0,75,27,57,12, 1.0
1,5,33,14,2,3,3,4,0,75,27,57,12, 1.0
7,0,66,15,0,9,0,0,0,46,38,49,14, 1.0
7,0,66,15,0,9,0,1,0,46,38,49,14, 1.0
7,0,66,15,0,9,0,2,0,46,38,49,14, 1.0
7,0,66,15,0,9,0,3,0,46,38,49,14, 1.0
7,0,66,15,0,9,0,4,0,46,38,49,14, 1.0
1,2,49,8,3,9,4,0,0,80,21,97,17, 1.0
1,2,49,8,3,9,4,1,0,80,21,97,17, 1.0
1,2,49,8,3,9,4,2,0,80,21,97,17, 1.0
1,2,49,8,3,9,4,3,0,80,21,97,17, 1.0
1,2,49,8,3,9,4,4,0,80,21,97,17, 1.0
7,7,66,3,3,13,2,0,1,96,4,26,22, 1.0
7,7,66,3,3,13,2,1,1,96,4,26,22, 1.0
7,7,66,3,3,13,2,2,1,96,4,26,22, 1.0
7,7,66,3,3,13,2,3,1,96,4,26,22, 1.0
7,7,66,3,3,13,2,4,1,96,4,26,22, 1.0
2,6,6,4,6,10,0,0,0,50,26,2,25, -1.0
2,6,6,4,6,10,0,1,0,50,26,2,25, -1.0
2,6,6,4,6,10,0,2,0,50,26,2,25, -1.0
2,6,6,4,6,10,0,3,0,50,26,2,25, -1.0
2,6,6,4,6,10,0,4,0,50,26,2,25, -1.0
2,6,64,7,3,11,0,0,0,75,12,95,20, 1.0
2,6,64,7,3,11,0,1,0,75,12,95,20, 1.0
2,6,64,7,3,11,0,2,0,75,12,95,20, 1.0
2,6,64,7,3,11,0,3,0,75,12,95,20, 1.0
2,6,64,7,3,11,0,4,0,75,12,95,20, 1.0
9,5,45,0,6,12,0,0,0,5,28,85,4, -1.0
9,5,45,0,6,12,0,1,0,5,28,85,4, -1.0
9,5,45,0,6,12,0,2,0,5,28,85,4, -1.0
9,5,45,0,6,12,0,3,0,5,28,85,4, -1.0
9,5,45,0,6,12,0,4,0,5,28,85,4, -1.0
3,3,32,0,2,3,1,0,1,81,36,22,3, 1.0
3,3,32,0,2,3,1,1,1,81,36,22,3, 1.0
3,3,32,0,2,3,1,2,1,81,36,22,3, 1.0
3,3,32,0,2,3,1,3,1,81,36,22,3, 1.0
3,3,32,0,2,3,1,4,1,81,36,22,3, 1.0
8,2,7,6,6,8,0,0,0,12,9,94,37, -1.0
8,2,7,6,6,8,0,1,0,12,9,94,37, -1.0
8,2,7,6,6,8,0,2,0,12,9,94,37, -1.0
8,2,7,6,6,8,0,3,0,12,9,94,37, -1.0
8,2,7,6,6,8,0,4,0,12,9,94,37, -1.0
9,1,49,0,1,7,4,0,1,68,37,60,37, 1.0
9,1,49,0,1,7,4,1,1,68,37,60,37, 1.0
9,1,49,0,1,7,4,2,1,68,37,60,37, 1.0
9,1,49,0,1,7,4,3,1,68,37,60,37, 1.0
9,1,49,0,1,7,4,4,1,68,37,60,37, 1.0
9,1,16,3,0,2,5,0,0,79,28,68,25, 1.0
9,1,16,3,0,2,5,1,0,79,28,68,25, 1.0
9,1,16,3,0,2,5,2,0,79,28,68,25, 1.0
9,1,16,3,0,2,5,3,0,79,28,68,25, 1.0
9,1,16,3,0,2,5,4,0,79,28,68,25, 1.0
1,0,16,7,6,5,3,0,0,75,24,11,15, 1.0
1,0,16,7,6,5,3,1,0,75,24,11,15, 1.0
1,0,16,7,6,5,3,2,0,75,24,11,15, 1.0
1,0,16,7,6,5,3,3,0,75,24,11,15, 1.0
1,0,16,7,6,5,3,4,0,75,24,11,15, 1.0
7,5,33,5,6,7,5,0,0,98,9,49,31, 1.0
7,5,33,5,6,7,5,1,0,98,9,49,31, 1.0
7,5,33,5,6,7,5,2,0,98,9,49,31, 1.0
7,5,33,5,6,7,5,3,0,98,9,49,31, 1.0
7,5,33,5,6,7,5,4,0,98,9,49,31, 1.0
8,6,21,15,0,5,0,0,1,34,4,6,4, 1.0
8,6,21,15,0,5,0,1,1,34,4,6,4, 1.0
8,6,21,15,0,5,0,2,1,34,4,6,4, 1.0
8,6,21,15,0,5,0,3,1,34,4,6,4, 1.0
8,6,21,15,0,5,0,4,1,34,4,6,4, 1.0
8,2,32,8,2,12,1,0,0,87,10,76,19, 1.0
8,2,32,8,2,12,1,1,0,87,10,76,19, 1.0
8,2,32,8,2,12,1,2,0,87,10,76,19, 1.0
8,2,32,8,2,12,1,3,0,87,10,76,19, 1.0
8,2,32,8,2,12,1,4,0,87,10,76,19, 1.0
5,6,59,15,4,13,0,0,1,4,0,46,22, -1.0
5,6,59,15,4,13,0,1,1,4,0,46,22, -1.0
5,6,59,15,4,13,0,2,1,4,0,46,22, -1.0
5,6,59,15,4,13,0,3,1,4,0,46,22, -1.0
5,6,59,15,4,13,0,4,1,4,0,46,22, -1.0
0,1,58,10,5,7,5,0,0,54,10,98,10, -1.0
0,1,58,10,5,7,5,1,0,54,10,98,10, -1.0
0,1,58,10,5,7,5,2,0,54,10,98,10, -1.0
0,1,58,10,5,7,5,3,0,54,10,98,10, -1.0
0,1,58,10,5,7,5,4,0,54,10,98,10, -1.0
8,0,37,6,5,8,3,0,0,63,33,86,38, 1.0
8,0,37,6,5,8,3,1,0,63,33,86,38, 1.0
8,0,37,6,5,8,3,2,0,63,33,86,38, 1.0
8,0,37,6,5,8,3,3,0,63,33,86,38, 1.0
8,0,37,6,5,8,3,4,0,63,33,86,38, 1.0
8,0,56,6,0,7,4,0,0,99,23,5,23, 1.0
8,0,56,6,0,7,4,1,0,99,23,5,23, 1.0
8,0,56,6,0,7,4,2,0,99,23,5,23, 1.0
8,0,56,6,0,7,4,3,0,99,23,5,23, 1.0
8,0,56,6,0,7,4,4,0,99,23,5,23, 1.0
0,7,35,10,5,4,2,0,1,56,35,65,30, 1.0
0,7,35,10,5,4,2,1,1,56,35,65,30, 1.0
0,7,35,10,5,4,2,2,1,56,35,65,30, 1.0
0,7,35,10,5,4,2,3,1,56,35,65,30, 1.0
0,7,35,10,5,4,2,4,1,56,35,65,30, 1.0
2,6,32,11,2,6,4,0,0,77,37,97,16, 1.0
2,6,32,11,2,6,4,1,0,77,37,97,16, 1.0
2,6,32,11,2,6,4,2,0,77,37,97,16, 1.0
2,6,32,11,2,6,4,3,0,77,37,97,16, 1.0
2,6,32,11,2,6,4,4,0,77,37,97,16, 1.0
3,2,67,12,0,0,4,0,0,16,37,43,31, 1.0
3,2,67,12,0,0,4,1,0,16,37,43,31, 1.0
3,2,67,12,0,0,4,2,0,16,37,43,31, 1.0
3,2,67,12,0,0,4,3,0,16,37,43,31, 1.0
3,2,67,12,0,0,4,4,0,16,37,43,31, 1.0
9,4,40,3,3,4,3,0,1,66,19,17,11, 1.0
9,4,40,3,3,4,3,1,1,66,19,17,11, 1.0
9,4,40,3,3,4,3,2,1,66,19,17,11, 1.0
9,4,40,3,3,4,3,3,1,66,19,17,11, 1.0
9,4,40,3,3,4,3,4,1,66,19,17,11, 1.0
8,4,7,14,4,3,1,0,1,61,8,95,16, 1.0
8,4,7,14,4,3,1,1,1,61,8,95,16, 1.0
8,4,7,14,4,3,1,2,1,61,8,95,16, 1.0
8,4,7,14,4,3,1,3,1,61,8,95,16, 1.0
8,4,7,14,4,3,1,4,1,61,8,95,16, 1.0
3,7,18,7,4,1,3,0,0,69,29,46,18, 1.0
3,7,18,7,4,1,3,1,0,69,29,46,18, 1.0
3,7,18,7,4,1,3,2,0,69,29,46,18, 1.0
3,7,18,7,4,1,3,3,0,69,29,46,18, 1.0
3,7,18,7,4,1,3,4,0,69,29,46,18, 1.0
4,0,45,1,6,7,3,0,0,58,16,26,6, -1.0
4,0,45,1,6,7,3,1,0,58,16,26,6, -1.0
4,0,45,1,6,7,3,2,0,58,16,26,6, -1.0
4,0,45,1,6,7,3,3,0,58,16,26,6, -1.0
4,0,45,1,6,7,3,4,0,58,16,26,6, -1.0
5,5,10,5,1,3,0,0,0,93,30,91,15, 1.0
5,5,10,5,1,3,0,1,0,93,30,91,15, 1.0
5,5,10,5,1,3,0,2,0,93,30,91,15, 1.0
5,5,10,5,1,3,0,3,0,93,30,91,15, 1.0
5,5,10,5,1,3,0,4,0,93,30,91,15, 1.0
0,0,18,10,2,13,4,0,1,46,17,18,32, 1.0
0,0,18,10,2,13,4,1,1,46,17,18,32, 1.0
0,0,18,10,2,13,4,2,1,46,17,18,32, 1.0
0,0,18,10,2,13,4,3,1,46,17,18,32, 1.0
0,0,18,10,2,13,4,4,1,46,17,18,32, 1.0
4,2,38,9,0,13,0,0,1,38,14,47,29, 1.0
4,2,38,9,0,13,0,1,1,38,14,47,29, 1.0
4,2,38,9,0,13,0,2,1,38,14,47,29, 1.0
4,2,38,9,0,13,0,3,1,38,14,47,29, 1.0
4,2,38,9,0,13,0,4,1,38,14,47,29, 1.0
0,7,40,13,0,6,0,0,0,13,6,53,25, 1.0
0,7,40,13,0,6,0,1,0,13,6,53,25, 1.0
0,7,40,13,0,6,0,2,0,13,6,53,25, 1.0
0,7,40,13,0,6,0,3,0,13,6,53,25, 1.0
0,7,40,13,0,6,0,4,0,13,6,53,25, 1.0
5,2,52,9,6,9,5,0,1,83,20,30,2, 1.0
5,2,52,9,6,9,5,1,1,83,20,30,2, 1.0
5,2,52,9,6,9,5,2,1,83,20,30,2, 1.0
5,2,52,9,6,9,5,3,1,83,20,30,2, 1.0
5,2,52,9,6,9,5,4,1,83,20,30,2, 1.0
0,5,31,4,6,6,3,0,0,52,33,51,29, 1.0
0,5,31,4,6,6,3,1,0,52,33,51,29, 1.0
0,5,31,4,6,6,3,2,0,52,33,51,29, 1.0
0,5,31,4,6,6,3,3,0,52,33,51,29, 1.0
0,5,31,4,6,6,3,4,0,52,33,51,29, 1.0
7,1,65,6,5,7,1,0,0,60,23,52,24, 1.0
7,1,65,6,5,7,1,1,0,60,23,52,24, 1.0
7,1,65,6,5,7,1,2,0,60,23,52,24, 1.0
7,1,65,6,5,7,1,3,0,60,23,52,24, 1.0
7,1,65,6,5,7,1,4,0,60,23,52,24, 1.0
7,1,41,11,2,0,2,0,1,59,31,51,3, 1.0
7,1,41,11,2,0,2,1,1,59,31,51,3, 1.0
7,1,41,11,2,0,2,2,1,59,31,51,3, 1.0
7,1,41,11,2,0,2,3,1,59,31,51,3, 1.0
7,1,41,11,2,0,2,4,1,59,31,51,3, 1.0
2,5,52,15,4,13,0,0,1,17,8,37,12, -1.0
2,5,52,15,4,13,0,1,1,17,8,37,12, -1.0
2,5,52,15,4,13,0,2,1,17,8,37,12, -1.0
2,5,52,15,4,13,0,3,1,17,8,37,12, -1.0
2,5,52,15,4,13,0,4,1,17,8,37,12, -1.0
6,0,39,11,0,9,0,0,1,74,14,34,30, 1.0
6,0,39,11,0,9,0,1,1,74,14,34,30, 1.0
6,0,39,11,0,9,0,2,1,74,14,34,30, 1.0
6,0,39,11,0,9,0,3,1,74,14,34,30, 1.0
6,0,39,11,0,9,0,4,1,74,14,34,30, 1.0
9,1,46,9,2,9,3,0,0,91,13,22,27, 1.0
9,1,46,9,2,9,3,1,0,91,13,22,27, 1.0
9,1,46,9,2,9,3,2,0,91,13,22,27, 1.0
9,1,46,9,2,9,3,3,0,91,13,22,27, 1.0
9,1,46,9,2,9,3,4,0,91,13,22,27, 1.0
7,5,47,14,1,2,3,0,0,17,27,51,15, 1.0
7,5,47,14,1,2,3,1,0,17,27,51,15, 1.0
7,5,47,14,1,2,3,2,0,17,27,51,15, 1.0
7,5,47,14,1,2,3,3,0,17,27,51,15, 1.0
7,5,47,14,1,2,3,4,0,17,27,51,15, 1.0
3,1,40,11,4,0,0,0,0,53,25,59,9, 1.0
3,1,40,11,4,0,0,1,0,53,25,59,9, 1.0
3,1,40,11,4,0,0,2,0,53,25,59,9, 1.0
3,1,40,11,4,0,0,3,0,53,25,59,9, 1.0
3,1,40,11,4,0,0,4,0,53,25,59,9, 1.0
8,6,28,3,0,0,0,0,1,51,5,41,22, 1.0
8,6,28,3,0,0,0,1,1,51,5,41,22, 1.0
8,6,28,3,0,0,0,2,1,51,5,41,22, 1.0
8,6,28,3,0,0,0,3,1,51,5,41,22, 1.0
8,6,28,3,0,0,0,4,1,51,5,41,22, 1.0
8,6,10,4,4,1,4,0,0,24,28,82,39, 1.0
8,6,10,4,4,1,4,1,0,24,28,82,39, 1.0
8,6,10,4,4,1,4,2,0,24,28,82,39, 1.0
8,6,10,4,4,1,4,3,0,24,28,82,39, 1.0
8,6,10,4,4,1,4,4,0,24,28,82,39, 1.0
5,3,27,3,4,1,2,0,1,15,1,69,24, -1.0
5,3,27,3,4,1,2,1,1,15,1,69,24, -1.0
5,3,27,3,4,1,2,2,1,15,1,69,24, -1.0
5,3,27,3,4,1,2,3,1,15,1,69,24, -1.0
5,3,27,3,4,1,2,4,1,15,1,69,24, -1.0
0,1,23,12,3,0,3,0,1,60,32,65,6, 1.0
0,1,23,12,3,0,3,1,1,60,32,65,6, 1.0
0,1,23,12,3,0,3,2,1,60,32,65,6, 1.0
0,1,23,12,3,0,3,3,1,60,32,65,6, 1.0
0,1,23,12,3,0,3,4,1,60,32,65,6, 1.0
7,5,56,9,3,5,1,0,0,75,31,63,34, 1.0
7,5,56,9,3,5,1,1,0,75,31,63,34, 1.0
7,5,56,9,3,5,1,2,0,75,31,63,34, 1.0
7,5,56,9,3,5,1,3,0,75,31,63,34, 1.0
7,5,56,9,3,5,1,4,0,75,31,63,34, 1.0
5,1,4,1,5,7,3,0,1,68,0,81,37, 1.0
5,1,4,1,5,7,3,1,1,68,0,81,37, 1.0
5,1,4,1,5,7,3,2,1,68,0,81,37, 1.0
5,1,4,1,5,7,3,3,1,68,0,81,37, 1.0
5,1,4,1,5,7,3,4,1,68,0,81,37, 1.0
1,6,35,3,0,9,5,0,0,59,9,43,35, 1.0
1,6,35,3,0,9,5,1,0,59,9,43,35, 1.0
1,6,35,3,0,9,5,2,0,59,9,43,35, 1.0
1,6,35,3,0,9,5,3,0,59,9,43,35, 1.0
1,6,35,3,0,9,5,4,0,59,9,43,35, 1.0
5,6,17,12,2,3,3,0,0,89,15,62,28, 1.0
5,6,17,12,2,3,3,1,0,89,15,62,28, 1.0
5,6,17,12,2,3,3,2,0,89,15,62,28, 1.0
5,6,17,12,2,3,3,3,0,89,15,62,28, 1.0
5,6,17,12,2,3,3,4,0,89,15,62,28, 1.0
7,4,48,13,6,2,4,0,1,72,17,98,36, 1.0
7,4,48,13,6,2,4,1,1,72,17,98,36, 1.0
7,4,48,13,6,2,4,2,1,72,17,98,36, 1.0
7,4,48,13,6,2,4,3,1,72,17,98,36, 1.0
7,4,48,13,6,2,4,4,1,72,17,98,36, 1.0
5,7,48,6,2,5,2,0,0,83,5,44,25, 1.0
5,7,48,6,2,5,2,1,0,83,5,44,25, 1.0
5,7,48,6,2,5,2,2,0,83,5,44,25, 1.0
5,7,48,6,2,5,2,3,0,83,5,44,25, 1.0
5,7,48,6,2,5,2,4,0,83,5,44,25, 1.0
7,1,49,14,5,2,3,0,1,21,39,38,35, 1.0
7,1,49,14,5,2,3,1,1,21,39,38,35, 1.0
7,1,49,14,5,2,3,2,1,21,39,38,35, 1.0
7,1,49,14,5,2,3,3,1,21,39,38,35, 1.0
7,1,49,14,5,2,3,4,1,21,39,38,35, 1.0
9,0,59,12,5,5,4,0,0,87,36,61,29, 1.0
9,0,59,12,5,5,4,1,0,87,36,61,29, 1.0
9,0,59,12,5,5,4,2,0,87,36,61,29, 1.0
9,0,59,12,5,5,4,3,0,87,36,61,29, 1.0
9,0,59,12,5,5,4,4,0,87,36,61,29, 1.0
4,5,49,7,6,10,0,0,1,61,32,9,19, 1.0
4,5,49,7,6,10,0,1,1,61,32,9,19, 1.0
4,5,49,7,6,10,0,2,1,61,32,9,19, 1.0
4,5,49,7,6,10,0,3,1,61,32,9,19, 1.0
4,5,49,7,6,10,0,4,1,61,32,9,19, 1.0
0,1,54,14,5,6,4,0,0,30,25,40,22, -1.0
0,1,54,14,5,6,4,1,0,30,25,40,22, -1.0
0,1,54,14,5,6,4,2,0,30,25,40,22, -1.0
0,1,54,14,5,6,4,3,0,30,25,40,22, -1.0
0,1,54,14,5,6,4,4,0,30,25,40,22, -1.0
6,4,32,4,6,13,3,0,1,20,8,31,13, -1.0
6,4,32,4,6,13,3,1,1,20,8,31,13, -1.0
6,4,32,4,6,13,3,2,1,20,8,31,13, -1.0
6,4,32,4,6,13,3,3,1,20,8,31,13, -1.0
6,4,32,4,6,13,3,4,1,20,8,31,13, -1.0
0,6,41,12,3,6,0,0,1,33,27,77,4, 1.0
0,6,41,12,3,6,0,1,1,33,27,77,4, 1.0
0,6,41,12,3,6,0,2,1,33,27,77,4, 1.0
0,6,41,12,3,6,0,3,1,33,27,77,4, 1.0
0,6,41,12,3,6,0,4,1,33,27,77,4, 1.0
3,7,5,9,5,4,3,0,1,49,26,54,36, 1.0
3,7,5,9,5,4,3,1,1,49,26,54,36, 1.0
3,7,5,9,5,4,3,2,1,49,26,54,36, 1.0
3,7,5,9,5,4,3,3,1,49,26,54,36, 1.0
3,7,5,9,5,4,3,4,1,49,26,54,36, 1.0
2,3,44,10,6,4,4,0,1,46,35,12,7, -1.0
2,3,44,10,6,4,4,1,1,46,35,12,7, -1.0
2,3,44,10,6,4,4,2,1,46,35,12,7, -1.0
2,3,44,10,6,4,4,3,1,46,35,12,7, -1.0
2,3,44,10,6,4,4,4,1,46,35,12,7, -1.0
9,6,32,8,2,8,4,0,0,30,10,98,28, 1.0
9,6,32,8,2,8,4,1,0,30,10,98,28, 1.0
9,6,32,8,2,8,4,2,0,30,10,98,28, 1.0
9,6,32,8,2,8,4,3,0,30,10,98,28, 1.0
9,6,32,8,2,8,4,4,0,30,10,98,28, 1.0
9,1,15,13,5,1,4,0,1,4,26,38,32, -1.0
9,1,15,13,5,1,4,1,1,4,26,38,32, -1.0
9,1,15,13,5,1,4,2,1,4,26,38,32, -1.0
9,1,15,13,5,1,4,3,1,4,26,38,32, -1.0
9,1,15,13,5,1,4,4,1,4,26,38,32, -1.0
8,1,45,10,0,11,2,0,1,81,34,71,0, 1.0
8,1,45,10,0,11,2,1,1,81,34,71,0, 1.0
8,1,45,10,0,11,2,2,1,81,34,71,0, 1.0
8,1,45,10,0,11,2,3,1,81,34,71,0, 1.0
8,1,45,10,0,11,2,4,1,81,34,71,0, 1.0
4,0,20,9,3,9,5,0,1,52,29,17,3, 1.0
4,0,20,9,3,9,5,1,1,52,29,17,3, 1.0
4,0,20,9,3,9,5,2,1,52,29,17,3, 1.0
4,0,20,9,3,9,5,3,1,52,29,17,3, 1.0
4,0,20,9,3,9,5,4,1,52,29,17,3, 1.0
3,5,55,2,3,13,5,0,1,44,22,31,18, 1.0
3,5,55,2,3,13,5,1,1,44,22,31,18, 1.0
3,5,55,2,3,13,5,2,1,44,22,31,18, 1.0
3,5,55,2,3,13,5,3,1,44,22,31,18, 1.0
3,5,55,2,3,13,5,4,1,44,22,31,18, 1.0
0,4,39,10,5,8,1,0,0,66,13,24,30, 1.0
0,4,39,10,5,8,1,1,0,66,13,24,30, 1.0
0,4,39,10,5,8,1,2,0,66,13,24,30, 1.0
0,4,39,10,5,8,1,3,0,66,13,24,30, 1.0
0,4,39,10,5,8,1,4,0,66,13,24,30, 1.0
2,6,16,1,5,3,1,0,1,51,3,31,3, 1.0
2,6,16,1,5,3,1,1,1,51,3,31,3, 1.0
2,6,16,1,5,3,1,2,1,51,3,31,3, 1.0
2,6,16,1,5,3,1,3,1,51,3,31,3, 1.0
2,6,16,1,5,3,1,4,1,51,3,31,3, 1.0
9,7,1,8,1,13,0,0,1,13,20,46,20, 1.0
9,7,1,8,1,13,0,1,1,13,20,46,20, 1.0
9,7,1,8,1,13,0,2,1,13,20,46,20, 1.0
9,7,1,8,1,13,0,3,1,13,20,46,20, 1.0
9,7,1,8,1,13,0,4,1,13,20,46,20, 1.0
0,2,13,0,5,4,0,0,0,72,39,56,23, 1.0
0,2,13,0,5,4,0,1,0,72,39,56,23, 1.0
0,2,13,0,5,4,0,2,0,72,39,56,23, 1.0
0,2,13,0,5,4,0,3,0,72,39,56,23, 1.0
0,2,13,0,5,4,0,4,0,72,39,56,23, 1.0
7,1,16,0,6,3,0,0,1,73,16,89,16, 1.0
7,1,16,0,6,3,0,1,1,73,16,89,16, 1.0
7,1,16,0,6,3,0,2,1,73,16,89,16, 1.0
7,1,16,0,6,3,0,3,1,73,16,89,16, 1.0
7,1,16,0,6,3,0,4,1,73,16,89,16, 1.0
5,2,49,9,4,13,2,0,1,89,22,91,10, 1.0
5,2,49,9,4,13,2,1,1,89,22,91,10, 1.0
5,2,49,9,4,13,2,2,1,89,22,91,10, 1.0
5,2,49,9,4,13,2,3,1,89,22,91,10, 1.0
5,2,49,9,4,13,2,4,1,89,22,91,10, 1.0
7,6,58,3,2,13,5,0,0,35,8,56,25, 1.0
7,6,58,3,2,13,5,1,0,35,8,56,25, 1.0
7,6,58,3,2,13,5,2,0,35,8,56,25, 1.0
7,6,58,3,2,13,5,3,0,35,8,56,25, 1.0
7,6,58,3,2,13,5,4,0,35,8,56,25, 1.0
9,2,25,8,0,3,2,0,1,86,13,21,34, 1.0
9,2,25,8,0,3,2,1,1,86,13,21,34, 1.0
9,2,25,8,0,3,2,2,1,86,13,21,34, 1.0
9,2,25,8,0,3,2,3,1,86,13,21,34, 1.0
9,2,25,8,0,3,2,4,1,86,13,21,34, 1.0
7,6,53,9,4,12,2,0,0,36,27,62,37, 1.0
7,6,53,9,4,12,2,1,0,36,27,62,37, 1.0
7,6,53,9,4,12,2,2,0,36,27,62,37, 1.0
7,6,53,9,4,12,2,3,0,36,27,62,37, 1.0
7,6,53,9,4,12,2,4,0,36,27,62,37, 1.0
8,1,31,13,6,13,2,0,0,16,21,33,27, -1.0
8,1,31,13,6,13,2,1,0,16,21,33,27, -1.0
8,1,31,13,6,13,2,2,0,16,21,33,27, -1.0
8,1,31,13,6,13,2,3,0,16,21,33,27, -1.0
8,1,31,13,6,13,2,4,0,16,21,33,27, -1.0
7,4,32,2,4,8,0,0,0,92,32,7,1, 1.0
7,4,32,2,4,8,0,1,0,92,32,7,1, 1.0
7,4,32,2,4,8,0,2,0,92,32,7,1, 1.0
7,4,32,2,4,8,0,3,0,92,32,7,1, 1.0
7,4,32,2,4,8,0,4,0,92,32,7,1, 1.0
6,3,38,15,5,5,5,0,0,70,5,70,38, 1.0
6,3,38,15,5,5,5,1,0,70,5,70,38, 1.0
6,3,38,15,5,5,5,2,0,70,5,70,38, 1.0
6,3,38,15,5,5,5,3,0,70,5,70,38, 1.0
6,3,38,15,5,5,5,4,0,70,5,70,38, 1.0
4,0,3,14,0,2,1,0,1,91,10,35,18, 1.0
4,0,3,14,0,2,1,1,1,91,10,35,18, 1.0
4,0,3,14,0,2,1,2,1,91,10,35,18, 1.0
4,0,3,14,0,2,1,3,1,91,10,35,18, 1.0
4,0,3,14,0,2,1,4,1,91,10,35,18, 1.0
8,7,6,5,3,1,1,0,0,48,35,5,11, 1.0
8,7,6,5,3,1,1,1,0,48,35,5,11, 1.0
8,7,6,5,3,1,1,2,0,48,35,5,11, 1.0
8,7,6,5,3,1,1,3,0,48,35,5,11, 1.0
8,7,6,5,3,1,1,4,0,48,35,5,11, 1.0
1,5,46,9,1,2,4,0,0,41,9,99,28, 1.0
1,5,46,9,1,2,4,1,0,41,9,99,28, 1.0
1,5,46,9,1,2,4,2,0,41,9,99,28, 1.0
1,5,46,9,1,2,4,3,0,41,9,99,28, 1.0
1,5,46,9,1,2,4,4,0,41,9,99,28, 1.0
2,6,23,10,6,9,4,0,1,63,30,51,23, 1.0
2,6,23,10,6,9,4,1,1,63,30,51,23, 1.0
2,6,23,10,6,9,4,2,1,63,30,51,23, 1.0
2,6,23,10,6,9,4,3,1,63,30,51,23, 1.0
2,6,23,10,6,9,4,4,1,63,30,51,23, 1.0
7,1,43,14,3,7,4,0,0,86,29,99,16, 1.0
7,1,43,14,3,7,4,1,0,86,29,99,16, 1.0
7,1,43,14,3,7,4,2,0,86,29,99,16, 1.0
7,1,43,14,3,7,4,3,0,86,29,99,16, 1.0
7,1,43,14,3,7,4,4,0,86,29,99,16, 1.0
9,5,53,1,1,8,1,0,1,26,23,77,27, 1.0
9,5,53,1,1,8,1,1,1,26,23,77,27, 1.0
9,5,53,1,1,8,1,2,1,26,23,77,27, 1.0
9,5,53,1,1,8,1,3,1,26,23,77,27, 1.0
9,5,53,1,1,8,1,4,1,26,23,77,27, 1.0
4,7,22,13,5,11,3,0,1,19,10,5,34, -1.0
4,7,22,13,5,11,3,1,1,19,10,5,34, -1.0
4,7,22,13,5,11,3,2,1,19,10,5,34, -1.0
4,7,22,13,5,11,3,3,1,19,10,5,34, -1.0
4,7,22,13,5,11,3,4,1,19,10,5,34, -1.0
6,4,34,10,1,13,3,0,0,59,2,55,27, 1.0
6,4,34,10,1,13,3,1,0,59,2,55,27, 1.0
6,4,34,10,1,13,3,2,0,59,2,55,27, 1.0
6,4,34,10,1,13,3,3,0,59,2,55,27, 1.0
6,4,34,10,1,13,3,4,0,59,2,55,27, 1.0
4,1,57,6,0,9,3,0,0,94,17,87,27, 1.0
4,1,57,6,0,9,3,1,0,94,17,87,27, 1.0
4,1,57,6,0,9,3,2,0,94,17,87,27, 1.0
4,1,57,6,0,9,3,3,0,94,17,87,27, 1.0
4,1,57,6,0,9,3,4,0,94,17,87,27, 1.0
4,5,44,6,0,8,4,0,1,18,36,17,4, 1.0
4,5,44,6,0,8,4,1,1,18,36,17,4, 1.0
4,5,44,6,0,8,4,2,1,18,36,17,4, 1.0
4,5,44,6,0,8,4,3,1,18,36,17,4, 1.0
4,5,44,6,0,8,4,4,1,18,36,17,4, 1.0
9,5,43,7,2,12,4,0,1,71,2,85,5, 1.0
9,5,43,7,2,12,4,1,1,71,2,85,5, 1.0
9,5,43,7,2,12,4,2,1,71,2,85,5, 1.0
9,5,43,7,2,12,4,3,1,71,2,85,5, 1.0
9,5,43,7,2,12,4,4,1,71,2,85,5, 1.0
1,3,44,10,6,5,0,0,1,23,11,67,26, -1.0
1,3,44,10,6,5,0,1,1,23,11,67,26, -1.0
1,3,44,10,6,5,0,2,1,23,11,67,26, -1.0
1,3,44,10,6,5,0,3,1,23,11,67,26, -1.0
1,3,44,10,6,5,0,4,1,23,11,67,26, -1.0
4,7,9,4,0,10,3,0,0,91,23,32,23, 1.0
4,7,9,4,0,10,3,1,0,91,23,32,23, 1.0
4,7,9,4,0,10,3,2,0,91,23,32,23, 1.0
4,7,9,4,0,10,3,3,0,91,23,32,23, 1.0
4,7,9,4,0,10,3,4,0,91,23,32,23, 1.0
5,2,31,5,4,0,4,0,0,60,25,91,6, 1.0
5,2,31,5,4,0,4,1,0,60,25,91,6, 1.0
5,2,31,5,4,0,4,2,0,60,25,91,6, 1.0
5,2,31,5,4,0,4,3,0,60,25,91,6, 1.0
5,2,31,5,4,0,4,4,0,60,25,91,6, 1.0
3,4,13,14,6,6,1,0,0,92,1,76,38, 1.0
3,4,13,14,6,6,1,1,0,92,1,76,38, 1.0
3,4,13,14,6,6,1,2,0,92,1,76,38, 1.0
3,4,13,14,6,6,1,3,0,92,1,76,38, 1.0
3,4,13,14,6,6,1,4,0,92,1,76,38, 1.0
8,7,29,2,6,6,3,0,1,24,37,89,27, 1.0
8,7,29,2,6,6,3,1,1,24,37,89,27, 1.0
8,7,29,2,6,6,3,2,1,24,37,89,27, 1.0
8,7,29,2,6,6,3,3,1,24,37,89,27, 1.0
8,7,29,2,6,6,3,4,1,24,37,89,27, 1.0
9,4,61,12,1,12,0,0,0,26,31,91,3, 1.0
9,4,61,12,1,12,0,1,0,26,31,91,3, 1.0
9,4,61,12,1,12,0,2,0,26,31,91,3, 1.0
9,4,61,12,1,12,0,3,0,26,31,91,3, 1.0
9,4,61,12,1,12,0,4,0,26,31,91,3, 1.0
7,7,49,8,1,11,4,0,1,55,13,52,32, 1.0
7,7,49,8,1,11,4,1,1,55,13,52,32, 1.0
7,7,49,8,1,11,4,2,1,55,13,52,32, 1.0
7,7,49,8,1,11,4,3,1,55,13,52,32, 1.0
7,7,49,8,1,11,4,4,1,55,13,52,32, 1.0
1,4,2,11,1,13,5,0,1,37,25,11,23, 1.0
1,4,2,11,1,13,5,1,1,37,25,11,23, 1.0
1,4,2,11,1,13,5,2,1,37,25,11,23, 1.0
1,4,2,11,1,13,5,3,1,37,25,11,23, 1.0
1,4,2,11,1,13,5,4,1,37,25,11,23, 1.0
8,1,53,9,3,11,1,0,1,67,15,17,14, 1.0
8,1,53,9,3,11,1,1,1,67,15,17,14, 1.0
8,1,53,9,3,11,1,2,1,67,15,17,14, 1.0
8,1,53,9,3,11,1,3,1,67,15,17,14, 1.0
8,1,53,9,3,11,1,4,1,67,15,17,14, 1.0
4,6,5,6,5,5,3,0,1,74,10,27,4, 1.0
4,6,5,6,5,5,3,1,1,74,10,27,4, 1.0
4,6,5,6,5,5,3,2,1,74,10,27,4, 1.0
4,6,5,6,5,5,3,3,1,74,10,27,4, 1.0
4,6,5,6,5,5,3,4,1,74,10,27,4, 1.0
3,0,46,5,3,6,1,0,1,66,0,19,7, 1.0
3,0,46,5,3,6,1,1,1,66,0,19,7, 1.0
3,0,46,5,3,6,1,2,1,66,0,19,7, 1.0
3,0,46,5,3,6,1,3,1,66,0,19,7, 1.0
3,0,46,5,3,6,1,4,1,66,0,19,7, 1.0
6,7,64,11,4,3,3,0,1,25,15,44,8, 1.0
6,7,64,11,4,3,3,1,1,25,15,44,8, 1.0
6,7,64,11,4,3,3,2,1,25,15,44,8, 1.0
6,7,64,11,4,3,3,3,1,25,15,44,8, 1.0
6,7,64,11,4,3,3,4,1,25,15,44,8, 1.0
3,1,57,2,0,12,2,0,0,7,1,7,26, -1.0
3,1,57,2,0,12,2,1,0,7,1,7,26, -1.0
3,1,57,2,0,12,2,2,0,7,1,7,26, -1.0
3,1,57,2,0,12,2,3,0,7,1,7,26, -1.0
3,1,57,2,0,12,2,4,0,7,1,7,26, -1.0
9,6,41,12,2,12,1,0,1,24,33,58,11, 1.0
9,6,41,12,2,12,1,1,1,24,33,58,11, 1.0
9,6,41,12,2,12,1,2,1,24,33,58,11, 1.0
9,6,41,12,2,12,1,3,1,24,33,58,11, 1.0
9,6,41,12,2,12,1,4,1,24,33,58,11, 1.0
0,0,17,11,1,2,5,0,1,84,13,59,25, 1.0
0,0,17,11,1,2,5,1,1,84,13,59,25, 1.0
0,0,17,11,1,2,5,2,1,84,13,59,25, 1.0
0,0,17,11,1,2,5,3,1,84,13,59,25, 1.0
0,0,17,11,1,2,5,4,1,84,13,59,25, 1.0
5,6,9,10,5,7,5,0,0,64,29,87,14, 1.0
5,6,9,10,5,7,5,1,0,64,29,87,14, 1.0
5,6,9,10,5,7,5,2,0,64,29,87,14, 1.0
5,6,9,10,5,7,5,3,0,64,29,87,14, 1.0
5,6,9,10,5,7,5,4,0,64,29,87,14, 1.0
9,0,63,9,2,2,1,0,0,45,8,95,33, 1.0
9,0,63,9,2,2,1,1,0,45,8,95,33, 1.0
9,0,63,9,2,2,1,2,0,45,8,95,33, 1.0
9,0,63,9,2,2,1,3,0,45,8,95,33, 1.0
9,0,63,9,2,2,1,4,0,45,8,95,33, 1.0
9,6,47,7,2,3,2,0,1,48,28,87,39, 1.0
9,6,47,7,2,3,2,1,1,48,28,87,39, 1.0
9,6,47,7,2,3,2,2,1,48,28,87,39, 1.0
9,6,47,7,2,3,2,3,1,48,28,87,39, 1.0
9,6,47,7,2,3,2,4,1,48,28,87,39, 1.0
4,0,39,2,6,12,2,0,0,67,1,72,19, -1.0
4,0,39,2,6,12,2,1,0,67,1,72,19, -1.0
4,0,39,2,6,12,2,2,0,67,1,72,19, -1.0
4,0,39,2,6,12,2,3,0,67,1,72,19, -1.0
4,0,39,2,6,12,2,4,0,67,1,72,19, -1.0
9,3,14,12,1,7,2,0,1,12,14,91,21, 1.0
9,3,14,12,1,7,2,1,1,12,14,91,21, 1.0
9,3,14,12,1,7,2,2,1,12,14,91,21, 1.0
9,3,14,12,1,7,2,3,1,12,14,91,21, 1.0
9,3,14,12,1,7,2,4,1,12,14,91,21, 1.0
9,4,7,14,4,5,1,0,0,25,27,56,18, 1.0
9,4,7,14,4,5,1,1,0,25,27,56,18, 1.0
9,4,7,14,4,5,1,2,0,25,27,56,18, 1.0
9,4,7,14,4,5,1,3,0,25,27,56,18, 1.0
9,4,7,14,4,5,1,4,0,25,27,56,18, 1.0
2,6,51,8,4,13,4,0,1,38,22,59,24, -1.0
2,6,51,8,4,13,4,1,1,38,22,59,24, -1.0
2,6,51,8,4,13,4,2,1,38,22,59,24, -1.0
2,6,51,8,4,13,4,3,1,38,22,59,24, -1.0
2,6,51,8,4,13,4,4,1,38,22,59,24, -1.0
5,6,30,15,0,4,3,0,1,40,7,35,17, 1.0
5,6,30,15,0,4,3,1,1,40,7,35,17, 1.0
5,6,30,15,0,4,3,2,1,40,7,35,17, 1.0
5,6,30,15,0,4,3,3,1,40,7,35,17, 1.0
5,6,30,15,0,4,3,4,1,40,7,35,17, 1.0
1,0,36,11,4,12,3,0,1,96,30,41,25, 1.0
1,0,36,11,4,12,3,1,1,96,30,41,25, 1.0
1,0,36,11,4,12,3,2,1,96,30,41,25, 1.0
1,0,36,11,4,12,3,3,1,96,30,41,25, 1.0
1,0,36,11,4,12,3,4,1,96,30,41,25, 1.0
7,2,60,9,6,9,0,0,0,23,39,0,29, -1.0
7,2,60,9,6,9,0,1,0,23,39,0,29, -1.0
7,2,60,9,6,9,0,2,0,23,39,0,29, -1.0
7,2,60,9,6,9,0,3,0,23,39,0,29, -1.0
7,2,60,9,6,9,0,4,0,23,39,0,29, -1.0
7,6,1,6,2,11,5,0,1,3,23,15,33, 1.0
7,6,1,6,2,11,5,1,1,3,23,15,33, 1.0
7,6,1,6,2,11,5,2,1,3,23,15,33, 1.0
7,6,1,6,2,11,5,3,1,3,23,15,33, 1.0
7,6,1,6,2,11,5,4,1,3,23,15,33, 1.0
8,2,14,4,0,8,3,0,1,2,32,78,36, 1.0
8,2,14,4,0,8,3,1,1,2,32,78,36, 1.0
8,2,14,4,0,8,3,2,1,2,32,78,36, 1.0
8,2,14,4,0,8,3,3,1,2,32,78,36, 1.0
8,2,14,4,0,8,3,4,1,2,32,78,36, 1.0
3,1,64,5,1,6,2,0,0,85,36,45,7, 1.0
3,1,64,5,1,6,2,1,0,85,36,45,7, 1.0
3,1,64,5,1,6,2,2,0,85,36,45,7, 1.0
3,1,64,5,1,6,2,3,0,85,36,45,7, 1.0
3,1,64,5,1,6,2,4,0,85,36,45,7, 1.0
6,6,30,11,3,2,5,0,1,33,11,3,19, 1.0
6,6,30,11,3,2,5,1,1,33,11,3,19, 1.0
6,6,30,11,3,2,5,2,1,33,11,3,19, 1.0
6,6,30,11,3,2,5,3,1,33,11,3,19, 1.0
6,6,30,11,3,2,5,4,1,33,11,3,19, 1.0
3,5,37,8,0,2,4,0,1,48,31,58,19, 1.0
3,5,37,8,0,2,4,1,1,48,31,58,19, 1.0
3,5,37,8,0,2,4,2,1,48,31,58,19, 1.0
3,5,37,8,0,2,4,3,1,48,31,58,19, 1.0
3,5,37,8,0,2,4,4,1,48,31,58,19, 1.0
6,1,64,0,0,13,5,0,1,34,4,0,5, 1.0
6,1,64,0,0,13,5,1,1,34,4,0,5, 1.0
6,1,64,0,0,13,5,2,1,34,4,0,5, 1.0
6,1,64,0,0,13,5,3,1,34,4,0,5, 1.0
6,1,64,0,0,13,5,4,1,34,4,0,5, 1.0
5,0,4,1,4,5,0,0,1,62,13,59,4, 1.0
5,0,4,1,4,5,0,1,1,62,13,59,4, 1.0
5,0,4,1,4,5,0,2,1,62,13,59,4, 1.0
5,0,4,1,4,5,0,3,1,62,13,59,4, 1.0
5,0,4,1,4,5,0,4,1,62,13,59,4, 1.0
3,6,36,9,6,13,1,0,1,78,25,61,28, 1.0
3,6,36,9,6,13,1,1,1,78,25,61,28, 1.0
3,6,36,9,6,13,1,2,1,78,25,61,28, 1.0
3,6,36,9,6,13,1,3,1,78,25,61,28, 1.0
3,6,36,9,6,13,1,4,1,78,25,61,28, 1.0
7,3,14,5,2,4,3,0,1,30,37,77,21, 1.0
7,3,14,5,2,4,3,1,1,30,37,77,21, 1.0
7,3,14,5,2,4,3,2,1,30,37,77,21, 1.0
7,3,14,5,2,4,3,3,1,30,37,77,21, 1.0
7,3,14,5,2,4,3,4,1,30,37,77,21, 1.0
2,0,26,15,4,5,3,0,0,11,12,47,35, -1.0
2,0,26,15,4,5,3,1,0,11,12,47,35, -1.0
2,0,26,15,4,5,3,2,0,11,12,47,35, -1.0
2,0,26,15,4,5,3,3,0,11,12,47,35, -1.0
2,0,26,15,4,5,3,4,0,11,12,47,35, -1.0
0,2,13,5,6,13,2,0,1,92,32,91,35, 1.0
0,2,13,5,6,13,2,1,1,92,32,91,35, 1.0
0,2,13,5,6,13,2,2,1,92,32,91,35, 1.0
0,2,13,5,6,13,2,3,1,92,32,91,35, 1.0
0,2,13,5,6,13,2,4,1,92,32,91,35, 1.0
1,1,9,7,5,0,3,0,1,49,21,15,18, 1.0
1,1,9,7,5,0,3,1,1,49,21,15,18, 1.0
1,1,9,7,5,0,3,2,1,49,21,15,18, 1.0
1,1,9,7,5,0,3,3,1,49,21,15,18, 1.0
1,1,9,7,5,0,3,4,1,49,21,15,18, 1.0
1,0,20,8,2,6,0,0,0,17,0,39,3, -1.0
1,0,20,8,2,6,0,1,0,17,0,39,3, -1.0
1,0,20,8,2,6,0,2,0,17,0,39,3, -1.0
1,0,20,8,2,6,0,3,0,17,0,39,3, -1.0
1,0,20,8,2,6,0,4,0,17,0,39,3, -1.0
5,4,5,13,1,11,4,0,0,82,26,89,4, 1.0
5,4,5,13,1,11,4,1,0,82,26,89,4, 1.0
5,4,5,13,1,11,4,2,0,82,26,89,4, 1.0
5,4,5,13,1,11,4,3,0,82,26,89,4, 1.0
5,4,5,13,1,11,4,4,0,82,26,89,4, 1.0
9,5,47,9,1,7,3,0,0,41,37,43,18, 1.0
9,5,47,9,1,7,3,1,0,41,37,43,18, 1.0
9,5,47,9,1,7,3,2,0,41,37,43,18, 1.0
9,5,47,9,1,7,3,3,0,41,37,43,18, 1.0
9,5,47,9,1,7,3,4,0,41,37,43,18, 1.0
1,7,34,15,1,2,1,0,0,25,18,90,22, 1.0
1,7,34,15,1,2,1,1,0,25,18,90,22, 1.0
1,7,34,15,1,2,1,2,0,25,18,90,22, 1.0
1,7,34,15,1,2,1,3,0,25,18,90,22, 1.0
1,7,34,15,1,2,1,4,0,25,18,90,22, 1.0
3,7,40,6,6,1,0,0,1,43,30,69,11, 1.0
3,7,40,6,6,1,0,1,1,43,30,69,11, 1.0
3,7,40,6,6,1,0,2,1,43,30,69,11, 1.0
3,7,40,6,6,1,0,3,1,43,30,69,11, 1.0
3,7,40,6,6,1,0,4,1,43,30,69,11, 1.0
2,7,46,6,5,11,2,0,0,83,24,67,32, 1.0
2,7,46,6,5,11,2,1,0,83,24,67,32, 1.0
2,7,46,6,5,11,2,2,0,83,24,67,32, 1.0
2,7,46,6,5,11,2,3,0,83,24,67,32, 1.0
2,7,46,6,5,11,2,4,0,83,24,67,32, 1.0
4,6,54,15,0,5,4,0,0,97,11,16,30, 1.0
4,6,54,15,0,5,4,1,0,97,11,16,30, 1.0
4,6,54,15,0,5,4,2,0,97,11,16,30, 1.0
4,6,54,15,0,5,4,3,0,97,11,16,30, 1.0
4,6,54,15,0,5,4,4,0,97,11,16,30, 1.0
8,7,8,15,5,12,2,0,0,13,22,4,11, -1.0
8,7,8,15,5,12,2,1,0,13,22,4,11, -1.0
8,7,8,15,5,12,2,2,0,13,22,4,11, -1.0
8,7,8,15,5,12,2,3,0,13,22,4,11, -1.0
8,7,8,15,5,12,2,4,0,13,22,4,11, -1.0
1,0,41,10,6,11,5,0,0,33,27,25,15, -1.0
1,0,41,10,6,11,5,1,0,33,27,25,15, -1.0
1,0,41,10,6,11,5,2,0,33,27,25,15, -1.0
1,0,41,10,6,11,5,3,0,33,27,25,15, -1.0
1,0,41,10,6,11,5,4,0,33,27,25,15, -1.0
9,0,7,8,4,4,1,0,0,79,8,94,37, 1.0
9,0,7,8,4,4,1,1,0,79,8,94,37, 1.0
9,0,7,8,4,4,1,2,0,79,8,94,37, 1.0
9,0,7,8,4,4,1,3,0,79,8,94,37, 1.0
9,0,7,8,4,4,1,4,0,79,8,94,37, 1.0
7,7,25,4,4,4,3,0,0,30,18,12,19, 1.0
7,7,25,4,4,4,3,1,0,30,18,12,19, 1.0
7,7,25,4,4,4,3,2,0,30,18,12,19, 1.0
7,7,25,4,4,4,3,3,0,30,18,12,19, 1.0
7,7,25,4,4,4,3,4,0,30,18,12,19, 1.0
0,2,28,2,6,3,1,0,0,37,6,1,10, -1.0
0,2,28,2,6,3,1,1,0,37,6,1,10, -1.0
0,2,28,2,6,3,1,2,0,37,6,1,10, -1.0
0,2,28,2,6,3,1,3,0,37,6,1,10, -1.0
0,2,28,2,6,3,1,4,0,37,6,1,10, -1.0
0,5,69,0,4,6,0,0,0,1,9,13,33, -1.0
0,5,69,0,4,6,0,1,0,1,9,13,33, -1.0
0,5,69,0,4,6,0,2,0,1,9,13,33, -1.0
0,5,69,0,4,6,0,3,0,1,9,13,33, -1.0
0,5,69,0,4,6,0,4,0,1,9,13,33, -1.0
6,5,33,2,2,0,1,0,1,15,19,98,27, 1.0
6,5,33,2,2,0,1,1,1,15,19,98,27, 1.0
6,5,33,2,2,0,1,2,1,15,19,98,27, 1.0
6,5,33,2,2,0,1,3,1,15,19,98,27, 1.0
6,5,33,2,2,0,1,4,1,15,19,98,27, 1.0
2,4,49,11,1,8,0,0,0,15,30,29,24, 1.0
2,4,49,11,1,8,0,1,0,15,30,29,24, 1.0
2,4,49,11,1,8,0,2,0,15,30,29,24, 1.0
2,4,49,11,1,8,0,3,0,15,30,29,24, 1.0
2,4,49,11,1,8,0,4,0,15,30,29,24, 1.0
9,3,68,15,0,3,3,0,1,76,14,1,33, 1.0
9,3,68,15,0,3,3,1,1,76,14,1,33, 1.0
9,3,68,15,0,3,3,2,1,76,14,1,33, 1.0
9,3,68,15,0,3,3,3,1,76,14,1,33, 1.0
9,3,68,15,0,3,3,4,1,76,14,1,33, 1.0
9,3,9,8,6,10,5,0,1,8,12,39,5, -1.0
9,3,9,8,6,10,5,1,1,8,12,39,5, -1.0
9,3,9,8,6,10,5,2,1,8,12,39,5, -1.0
9,3,9,8,6,10,5,3,1,8,12,39,5, -1.0
9,3,9,8,6,10,5,4,1,8,12,39,5, -1.0
0,6,60,12,4,13,0,0,1,2,26,69,37, -1.0
0,6,60,12,4,13,0,1,1,2,26,69,37, -1.0
0,6,60,12,4,13,0,2,1,2,26,69,37, -1.0
0,6,60,12,4,13,0,3,1,2,26,69,37, -1.0
0,6,60,12,4,13,0,4,1,2,26,69,37, -1.0
4,7,1,7,1,5,4,0,0,59,2,24,21, 1.0
4,7,1,7,1,5,4,1,0,59,2,24,21, 1.0
4,7,1,7,1,5,4,2,0,59,2,24,21, 1.0
4,7,1,7,1,5,4,3,0,59,2,24,21, 1.0
4,7,1,7,1,5,4,4,0,59,2,24,21, 1.0
2,0,45,5,3,1,0,0,0,85,18,2,2, 1.0
2,0,45,5,3,1,0,1,0,85,18,2,2, 1.0
2,0,45,5,3,1,0,2,0,85,18,2,2, 1.0
2,0,45,5,3,1,0,3,0,85,18,2,2, 1.0
2,0,45,5,3,1,0,4,0,85,18,2,2, 1.0
0,7,50,13,1,10,3,0,0,11,24,0,36, -1.0
0,7,50,13,1,10,3,1,0,11,24,0,36, -1.0
0,7,50,13,1,10,3,2,0,11,24,0,36, -1.0
0,7,50,13,1,10,3,3,0,11,24,0,36, -1.0
0,7,50,13,1,10,3,4,0,11,24,0,36, -1.0
9,3,38,6,5,13,1,0,1,82,23,67,24, 1.0
9,3,38,6,5,13,1,1,1,82,23,67,24, 1.0
9,3,38,6,5,13,1,2,1,82,23,67,24, 1.0
9,3,38,6,5,13,1,3,1,82,23,67,24, 1.0
9,3,38,6,5,13,1,4,1,82,23,67,24, 1.0
7,5,19,13,5,9,2,0,0,87,0,20,10, 1.0
7,5,19,13,5,9,2,1,0,87,0,20,10, 1.0
7,5,19,13,5,9,2,2,0,87,0,20,10, 1.0
7,5,19,13,5,9,2,3,0,87,0,20,10, 1.0
7,5,19,13,5,9,2,4,0,87,0,20,10, 1.0
4,6,24,8,0,0,4,0,1,92,37,95,29, 1.0
4,6,24,8,0,0,4,1,1,92,37,95,29, 1.0
4,6,24,8,0,0,4,2,1,92,37,95,29, 1.0
4,6,24,8,0,0,4,3,1,92,37,95,29, 1.0
4,6,24,8,0,0,4,4,1,92,37,95,29, 1.0
8,5,26,1,3,12,2,0,0,98,17,47,18, 1.0
8,5,26,1,3,12,2,1,0,98,17,47,18, 1.0
8,5,26,1,3,12,2,2,0,98,17,47,18, 1.0
8,5,26,1,3,12,2,3,0,98,17,47,18, 1.0
8,5,26,1,3,12,2,4,0,98,17,47,18, 1.0
2,3,20,5,5,2,1,0,0,16,6,64,19, -1.0
2,3,20,5,5,2,1,1,0,16,6,64,19, -1.0
2,3,20,5,5,2,1,2,0,16,6,64,19, -1.0
2,3,20,5,5,2,1,3,0,16,6,64,19, -1.0
2,3,20,5,5,2,1,4,0,16,6,64,19, -1.0
7,5,50,4,5,11,0,0,1,19,24,89,39, 1.0
7,5,50,4,5,11,0,1,1,19,24,89,39, 1.0
7,5,50,4,5,11,0,2,1,19,24,89,39, 1.0
7,5,50,4,5,11,0,3,1,19,24,89,39, 1.0
7,5,50,4,5,11,0,4,1,19,24,89,39, 1.0
9,4,17,12,4,1,4,0,1,76,2,23,29, 1.0
9,4,17,12,4,1,4,1,1,76,2,23,29, 1.0
9,4,17,12,4,1,4,2,1,76,2,23,29, 1.0
9,4,17,12,4,1,4,3,1,76,2,23,29, 1.0
9,4,17,12,4,1,4,4,1,76,2,23,29, 1.0
5,0,32,15,0,11,3,0,0,70,1,30,33, 1.0
5,0,32,15,0,11,3,1,0,70,1,30,33, 1.0
5,0,32,15,0,11,3,2,0,70,1,30,33, 1.0
5,0,32,15,0,11,3,3,0,70,1,30,33, 1.0
5,0,32,15,0,11,3,4,0,70,1,30,33, 1.0
6,7,16,13,2,2,5,0,1,50,37,97,7, 1.0
6,7,16,13,2,2,5,1,1,50,37,97,7, 1.0
6,7,16,13,2,2,5,2,1,50,37,97,7, 1.0
6,7,16,13,2,2,5,3,1,50,37,97,7, 1.0
6,7,16,13,2,2,5,4,1,50,37,97,7, 1.0
