1,5,12,6,0,11,3,4,0,56,15,23,12,,0
1,5,12,6,0,11,3,4,1,56,15,23,12,,1
4,5,27,15,0,4,4,3,0,44,19,55,20,,0
4,5,27,15,0,4,4,3,1,44,19,55,20,,1
8,2,17,13,4,12,3,4,0,25,34,46,15,,0
8,2,17,13,4,12,3,4,1,25,34,46,15,,1
3,7,12,6,3,8,5,0,0,51,10,19,12,,0
3,7,12,6,3,8,5,0,1,51,10,19,12,,1
0,7,12,2,3,5,3,0,0,32,10,0,12,,0
0,7,12,2,3,5,3,0,1,32,10,0,12,,1
3,3,12,14,2,3,1,3,0,47,32,16,12,,0
3,3,12,14,2,3,1,3,1,47,32,16,12,,1
3,7,17,1,3,10,5,0,0,21,27,96,15,,0
3,7,17,1,3,10,5,0,1,21,27,96,15,,1
0,5,12,5,2,0,4,2,0,27,12,51,12,,0
0,5,12,5,2,0,4,2,1,27,12,51,12,,1
9,3,12,6,2,8,5,1,0,65,25,68,12,,0
9,3,12,6,2,8,5,1,1,65,25,68,12,,1
1,2,1,11,2,10,1,1,0,43,30,77,11,,0
1,2,1,11,2,10,1,1,1,43,30,77,11,,1
4,3,17,11,2,10,0,1,0,78,34,41,15,,0
4,3,17,11,2,10,0,1,1,78,34,41,15,,1
7,3,12,4,2,8,5,0,0,66,30,9,12,,0
7,3,12,4,2,8,5,0,1,66,30,9,12,,1
8,7,12,12,3,1,2,1,0,38,7,0,12,,0
8,7,12,12,3,1,2,1,1,38,7,0,12,,1
3,6,17,7,0,5,1,0,0,98,1,25,15,,0
3,6,17,7,0,5,1,0,1,98,1,25,15,,1
0,3,27,10,5,9,0,0,0,41,37,49,20,,0
0,3,27,10,5,9,0,0,1,41,37,49,20,,1
9,4,1,10,4,4,5,1,0,5,16,78,11,,0
9,4,1,10,4,4,5,1,1,5,16,78,11,,1
1,6,17,9,0,3,1,0,0,77,33,15,15,,0
1,6,17,9,0,3,1,0,1,77,33,15,15,,1
7,3,17,0,0,12,1,4,0,29,39,51,15,,0
7,3,17,0,0,12,1,4,1,29,39,51,15,,1
5,3,12,7,5,9,5,1,0,18,13,49,12,,0
5,3,12,7,5,9,5,1,1,18,13,49,12,,1
9,5,17,13,2,6,4,4,0,19,3,67,15,,0
9,5,17,13,2,6,4,4,1,19,3,67,15,,1
9,3,17,15,2,10,5,2,0,12,8,7,15,,0
9,3,17,15,2,10,5,2,1,12,8,7,15,,1
8,4,17,1,0,10,3,3,0,29,36,65,15,,0
8,4,17,1,0,10,3,3,1,29,36,65,15,,1
2,5,1,14,2,9,3,4,0,12,9,16,11,,0
2,5,1,14,2,9,3,4,1,12,9,16,11,,1
3,7,3,13,4,0,2,0,0,52,37,40,5,,1
3,7,3,13,4,0,2,0,1,52,37,40,5,,0
8,4,17,2,5,7,3,0,0,4,32,51,15,,0
8,4,17,2,5,7,3,0,1,4,32,51,15,,1
4,5,1,15,5,11,0,3,0,60,13,81,11,,0
4,5,1,15,5,11,0,3,1,60,13,81,11,,1
2,3,27,4,3,2,0,0,0,22,35,31,20,,0
2,3,27,4,3,2,0,0,1,22,35,31,20,,1
9,3,17,15,3,10,3,2,0,88,35,8,15,,0
9,3,17,15,3,10,3,2,1,88,35,8,15,,1
8,1,17,15,2,0,0,2,0,55,19,65,15,,0
8,1,17,15,2,0,0,2,1,55,19,65,15,,1
3,7,1,1,4,13,5,0,0,6,15,43,11,,0
3,7,1,1,4,13,5,0,1,6,15,43,11,,1
9,2,17,0,1,9,0,3,0,47,1,31,15,,0
9,2,17,0,1,9,0,3,1,47,1,31,15,,1
4,0,17,14,0,11,1,0,0,65,31,23,15,,0
4,0,17,14,0,11,1,0,1,65,31,23,15,,1
3,1,18,10,0,8,4,1,0,3,4,40,10,,0
3,1,18,10,0,8,4,1,1,3,4,40,10,,1
1,4,1,12,4,7,2,1,0,81,3,4,11,,0
1,4,1,12,4,7,2,1,1,81,3,4,11,,1
4,7,12,8,0,8,3,0,0,35,33,29,12,,0
4,7,12,8,0,8,3,0,1,35,33,29,12,,1
5,5,17,8,1,7,3,2,0,49,10,21,15,,0
5,5,17,8,1,7,3,2,1,49,10,21,15,,1
3,3,17,10,2,3,0,0,0,64,3,39,15,,0
3,3,17,10,2,3,0,0,1,64,3,39,15,,1
1,5,27,0,1,0,0,2,0,68,24,84,20,,0
1,5,27,0,1,0,0,2,1,68,24,84,20,,1
1,2,12,6,3,3,0,0,0,19,21,88,12,,0
1,2,12,6,3,3,0,0,1,19,21,88,12,,1
9,7,1,13,6,12,5,1,0,10,30,66,11,,0
9,7,1,13,6,12,5,1,1,10,30,66,11,,1
1,7,24,12,5,0,3,0,0,48,3,12,0,,1
1,7,24,12,5,0,3,0,1,48,3,12,0,,1
4,6,69,14,3,12,2,0,0,75,1,6,3,,1
4,6,69,14,3,12,2,0,1,75,1,6,3,,1
8,7,36,13,4,6,5,0,0,35,33,81,31,,1
8,7,36,13,4,6,5,0,1,35,33,81,31,,1
7,0,62,5,0,2,1,1,0,99,17,78,22,,1
7,0,62,5,0,2,1,1,1,99,17,78,22,,1
1,2,44,1,3,11,2,3,0,89,25,26,39,,0
1,2,44,1,3,11,2,3,1,89,25,26,39,,0
2,7,61,3,6,1,1,4,0,68,7,55,18,,1
2,7,61,3,6,1,1,4,1,68,7,55,18,,1
1,2,30,3,1,3,0,2,0,92,39,40,9,,0
1,2,30,3,1,3,0,2,1,92,39,40,9,,0
1,1,16,9,5,2,4,4,0,12,32,70,36,,0
1,1,16,9,5,2,4,4,1,12,32,70,36,,0
1,6,2,3,5,13,3,4,0,59,1,8,6,,0
1,6,2,3,5,13,3,4,1,59,1,8,6,,0
7,1,59,2,2,2,0,3,0,60,39,96,23,,1
7,1,59,2,2,2,0,3,1,60,39,96,23,,1
3,0,27,1,6,6,2,4,0,38,2,57,32,,1
3,0,27,1,6,6,2,4,1,38,2,57,32,,1
3,1,35,9,4,12,3,3,0,98,15,58,16,,1
3,1,35,9,4,12,3,3,1,98,15,58,16,,1
5,4,46,4,6,11,2,4,0,38,21,30,21,,1
5,4,46,4,6,11,2,4,1,38,21,30,21,,1
3,1,9,14,6,3,4,0,0,2,3,10,31,,1
3,1,9,14,6,3,4,0,1,2,3,10,31,,1
2,7,21,7,5,3,1,4,0,62,4,19,22,,0
2,7,21,7,5,3,1,4,1,62,4,19,22,,0
3,6,52,11,2,7,0,3,0,33,15,59,8,,1
3,6,52,11,2,7,0,3,1,33,15,59,8,,1
3,0,53,7,4,8,4,0,0,61,22,25,34,,1
3,0,53,7,4,8,4,0,1,61,22,25,34,,1
4,7,36,10,6,12,0,4,0,53,32,62,21,,1
4,7,36,10,6,12,0,4,1,53,32,62,21,,1
9,1,17,15,2,8,0,0,0,44,29,72,10,,0
9,1,17,15,2,8,0,0,1,44,29,72,10,,0
9,7,21,13,6,3,2,0,0,88,39,86,2,,1
9,7,21,13,6,3,2,0,1,88,39,86,2,,1
8,3,38,9,4,9,3,2,0,25,7,45,7,,1
8,3,38,9,4,9,3,2,1,25,7,45,7,,1
7,6,61,9,3,3,2,0,0,3,18,1,6,,0
7,6,61,9,3,3,2,0,1,3,18,1,6,,0
3,5,30,13,3,11,2,4,0,28,16,39,19,,1
3,5,30,13,3,11,2,4,1,28,16,39,19,,1
8,2,13,0,5,2,0,3,0,30,22,27,34,,1
8,2,13,0,5,2,0,3,1,30,22,27,34,,1
5,3,17,11,0,13,2,2,0,50,18,76,7,,1
5,3,17,11,0,13,2,2,1,50,18,76,7,,1
0,4,62,12,5,4,0,0,0,70,36,22,13,,1
0,4,62,12,5,4,0,0,1,70,36,22,13,,1
0,3,25,3,0,13,1,4,0,27,38,85,20,,0
0,3,25,3,0,13,1,4,1,27,38,85,20,,0
7,7,46,1,4,8,4,0,0,60,2,38,36,,0
7,7,46,1,4,8,4,0,1,60,2,38,36,,0
0,3,53,13,0,9,5,4,0,59,0,54,7,,1
0,3,53,13,0,9,5,4,1,59,0,54,7,,1
5,6,19,8,3,7,2,1,0,56,30,84,8,,1
5,6,19,8,3,7,2,1,1,56,30,84,8,,1
5,3,19,12,0,0,0,1,0,58,25,88,3,,1
5,3,19,12,0,0,0,1,1,58,25,88,3,,1
8,5,44,11,1,4,0,0,0,17,37,42,6,,0
8,5,44,11,1,4,0,0,1,17,37,42,6,,0
3,7,51,2,2,12,3,3,0,36,24,95,31,,1
3,7,51,2,2,12,3,3,1,36,24,95,31,,1
9,3,24,12,4,13,0,2,0,99,21,97,23,,0
9,3,24,12,4,13,0,2,1,99,21,97,23,,0
1,5,34,1,0,4,5,2,0,10,20,94,35,,1
1,5,34,1,0,4,5,2,1,10,20,94,35,,1
2,6,1,7,6,9,3,1,0,78,22,64,13,,1
2,6,1,7,6,9,3,1,1,78,22,64,13,,1
7,6,4,13,0,1,0,0,0,60,15,93,25,,1
7,6,4,13,0,1,0,0,1,60,15,93,25,,1
4,2,49,10,0,8,2,3,0,83,22,12,35,,1
4,2,49,10,0,8,2,3,1,83,22,12,35,,1
3,2,22,13,0,10,1,0,0,59,11,28,9,,0
3,2,22,13,0,10,1,0,1,59,11,28,9,,0
8,2,21,7,6,8,3,2,0,77,39,51,1,,1
8,2,21,7,6,8,3,2,1,77,39,51,1,,1
5,1,32,9,0,8,3,2,0,20,16,2,5,,1
5,1,32,9,0,8,3,2,1,20,16,2,5,,1
7,2,54,3,0,8,3,3,0,7,28,7,8,,1
7,2,54,3,0,8,3,3,1,7,28,7,8,,1
7,1,69,11,5,1,5,2,0,3,11,36,14,,0
7,1,69,11,5,1,5,2,1,3,11,36,14,,0
8,3,28,6,0,13,2,3,0,4,6,28,8,,1
8,3,28,6,0,13,2,3,1,4,6,28,8,,1
5,6,26,9,6,8,1,4,0,50,6,9,36,,0
5,6,26,9,6,8,1,4,1,50,6,9,36,,0
6,1,44,7,1,9,0,1,0,86,15,82,39,,1
6,1,44,7,1,9,0,1,1,86,15,82,39,,1
3,5,46,11,0,8,2,0,0,75,34,96,33,,1
3,5,46,11,0,8,2,0,1,75,34,96,33,,1
1,5,46,12,2,4,3,1,0,50,0,37,25,,1
1,5,46,12,2,4,3,1,1,50,0,37,25,,1
4,0,37,0,5,4,2,0,0,24,36,81,1,,1
4,0,37,0,5,4,2,0,1,24,36,81,1,,1
5,3,62,15,3,9,2,2,0,21,19,35,14,,1
5,3,62,15,3,9,2,2,1,21,19,35,14,,1
1,5,44,11,6,4,4,0,0,96,18,76,0,,1
1,5,44,11,6,4,4,0,1,96,18,76,0,,1
5,2,44,11,6,9,0,4,0,96,4,72,12,,1
5,2,44,11,6,9,0,4,1,96,4,72,12,,1
0,3,30,6,2,5,2,4,0,51,4,13,2,,1
0,3,30,6,2,5,2,4,1,51,4,13,2,,1
2,7,28,15,2,9,3,4,0,7,19,1,20,,1
2,7,28,15,2,9,3,4,1,7,19,1,20,,1
3,2,15,10,5,3,5,1,0,2,34,65,21,,1
3,2,15,10,5,3,5,1,1,2,34,65,21,,1
9,0,63,5,4,13,2,2,0,73,25,26,39,,1
9,0,63,5,4,13,2,2,1,73,25,26,39,,1
8,4,17,4,4,4,3,1,0,54,13,29,17,,0
8,4,17,4,4,4,3,1,1,54,13,29,17,,0
2,5,47,3,6,13,0,3,0,38,8,81,38,,0
2,5,47,3,6,13,0,3,1,38,8,81,38,,0
2,5,45,11,0,3,2,1,0,96,9,60,31,,1
2,5,45,11,0,3,2,1,1,96,9,60,31,,1
6,0,45,0,4,6,0,4,0,78,24,35,0,,1
6,0,45,0,4,6,0,4,1,78,24,35,0,,1
2,1,22,1,6,2,3,0,0,16,18,93,32,,1
2,1,22,1,6,2,3,0,1,16,18,93,32,,1
2,7,33,12,1,10,1,2,0,3,34,92,31,,1
2,7,33,12,1,10,1,2,1,3,34,92,31,,1
3,4,20,10,6,5,0,1,0,91,15,56,24,,1
3,4,20,10,6,5,0,1,1,91,15,56,24,,1
3,2,5,2,0,10,0,4,0,58,39,42,7,,0
3,2,5,2,0,10,0,4,1,58,39,42,7,,0
9,1,11,11,1,5,5,4,0,6,8,66,28,,1
9,1,11,11,1,5,5,4,1,6,8,66,28,,1
3,4,27,15,3,3,2,3,0,96,7,27,0,,1
3,4,27,15,3,3,2,3,1,96,7,27,0,,1
0,3,60,1,2,1,5,4,0,79,13,76,30,,1
0,3,60,1,2,1,5,4,1,79,13,76,30,,1
6,2,51,8,0,10,0,0,0,84,10,21,23,,1
6,2,51,8,0,10,0,0,1,84,10,21,23,,1
2,6,12,5,4,11,0,2,0,10,14,89,23,,1
2,6,12,5,4,11,0,2,1,10,14,89,23,,1
1,7,63,7,4,13,4,2,0,54,39,83,39,,1
1,7,63,7,4,13,4,2,1,54,39,83,39,,1
3,0,15,11,5,6,5,2,0,18,27,17,32,,0
3,0,15,11,5,6,5,2,1,18,27,17,32,,0
8,2,21,1,0,4,2,1,0,38,18,93,32,,1
8,2,21,1,0,4,2,1,1,38,18,93,32,,1
3,5,46,13,1,3,2,1,0,88,5,60,17,,1
3,5,46,13,1,3,2,1,1,88,5,60,17,,1
8,1,43,15,2,13,0,3,0,60,21,98,19,,1
8,1,43,15,2,13,0,3,1,60,21,98,19,,1
9,3,16,12,3,10,2,1,0,19,36,97,21,,1
9,3,16,12,3,10,2,1,1,19,36,97,21,,1
2,6,12,11,5,6,2,2,0,49,24,49,14,,1
2,6,12,11,5,6,2,2,1,49,24,49,14,,1
0,7,37,4,4,6,1,2,0,95,16,92,1,,0
0,7,37,4,4,6,1,2,1,95,16,92,1,,0
6,6,34,15,2,2,0,1,0,61,13,36,28,,0
6,6,34,15,2,2,0,1,1,61,13,36,28,,0
5,4,40,5,0,13,5,0,0,91,16,66,32,,1
5,4,40,5,0,13,5,0,1,91,16,66,32,,1
7,1,2,13,5,12,1,1,0,87,38,7,38,,1
7,1,2,13,5,12,1,1,1,87,38,7,38,,1
3,2,54,6,2,5,2,3,0,35,23,27,23,,1
3,2,54,6,2,5,2,3,1,35,23,27,23,,1
3,5,58,1,6,8,2,3,0,36,20,74,35,,1
3,5,58,1,6,8,2,3,1,36,20,74,35,,1
2,5,61,5,3,0,0,1,0,24,22,60,3,,1
2,5,61,5,3,0,0,1,1,24,22,60,3,,1
6,2,66,2,5,12,1,1,0,51,37,94,34,,1
6,2,66,2,5,12,1,1,1,51,37,94,34,,1
2,4,69,9,5,7,4,1,0,19,4,38,31,,0
2,4,69,9,5,7,4,1,1,19,4,38,31,,0
5,4,34,7,3,2,0,4,0,6,38,38,38,,1
5,4,34,7,3,2,0,4,1,6,38,38,38,,1
6,4,48,8,6,11,5,1,0,5,31,36,9,,1
6,4,48,8,6,11,5,1,1,5,31,36,9,,1
5,5,66,1,4,5,4,4,0,88,31,9,20,,1
5,5,66,1,4,5,4,4,1,88,31,9,20,,1
0,5,17,14,3,4,4,0,0,67,17,22,22,,1
0,5,17,14,3,4,4,0,1,67,17,22,22,,1
7,4,28,8,3,8,0,3,0,59,35,85,36,,1
7,4,28,8,3,8,0,3,1,59,35,85,36,,1
9,6,38,4,2,7,1,1,0,93,29,95,25,,1
9,6,38,4,2,7,1,1,1,93,29,95,25,,1
1,7,46,10,0,5,4,3,0,35,6,30,14,,0
1,7,46,10,0,5,4,3,1,35,6,30,14,,0
4,7,64,5,6,1,3,0,0,7,28,96,10,,0
4,7,64,5,6,1,3,0,1,7,28,96,10,,0
8,4,66,5,3,13,4,2,0,24,23,58,15,,1
8,4,66,5,3,13,4,2,1,24,23,58,15,,1
6,5,12,3,3,1,2,2,0,65,28,4,21,,1
6,5,12,3,3,1,2,2,1,65,28,4,21,,1
4,6,63,3,1,2,3,4,0,34,24,74,17,,1
4,6,63,3,1,2,3,4,1,34,24,74,17,,1
4,4,46,8,5,0,4,3,0,87,30,99,14,,0
4,4,46,8,5,0,4,3,1,87,30,99,14,,0
4,7,51,7,3,8,5,3,0,8,27,99,4,,1
4,7,51,7,3,8,5,3,1,8,27,99,4,,1
2,1,45,11,2,10,2,1,0,20,23,95,4,,1
2,1,45,11,2,10,2,1,1,20,23,95,4,,1
9,2,40,9,1,1,4,3,0,99,16,52,39,,1
9,2,40,9,1,1,4,3,1,99,16,52,39,,1
0,5,40,6,5,9,2,3,0,82,26,24,2,,1
0,5,40,6,5,9,2,3,1,82,26,24,2,,1
1,1,16,8,6,6,3,0,0,8,32,12,21,,1
1,1,16,8,6,6,3,0,1,8,32,12,21,,1
7,4,0,0,4,7,3,1,0,93,3,50,10,,1
7,4,0,0,4,7,3,1,1,93,3,50,10,,1
4,6,4,10,4,6,4,0,0,17,28,19,14,,0
4,6,4,10,4,6,4,0,1,17,28,19,14,,0
7,3,58,5,4,13,4,1,0,14,23,41,9,,0
7,3,58,5,4,13,4,1,1,14,23,41,9,,0
3,2,34,4,6,13,4,0,0,59,31,46,31,,1
3,2,34,4,6,13,4,0,1,59,31,46,31,,1
6,0,3,1,2,2,3,4,0,82,10,38,2,,1
6,0,3,1,2,2,3,4,1,82,10,38,2,,1
4,4,38,11,4,1,5,3,0,81,4,27,17,,1
4,4,38,11,4,1,5,3,1,81,4,27,17,,1
7,7,26,10,2,3,4,3,0,61,18,2,31,,1
7,7,26,10,2,3,4,3,1,61,18,2,31,,1
2,0,9,2,2,11,5,0,0,51,27,98,38,,1
2,0,9,2,2,11,5,0,1,51,27,98,38,,1
8,2,21,2,5,12,3,3,0,8,14,82,22,,1
8,2,21,2,5,12,3,3,1,8,14,82,22,,1
6,7,66,8,2,2,3,2,0,49,36,76,36,,0
6,7,66,8,2,2,3,2,1,49,36,76,36,,0
2,2,44,1,1,6,0,0,0,2,13,81,28,,1
2,2,44,1,1,6,0,0,1,2,13,81,28,,1
5,5,40,0,5,9,0,3,0,60,22,45,27,,1
5,5,40,0,5,9,0,3,1,60,22,45,27,,1
8,1,30,15,6,9,1,2,0,30,34,15,0,,0
8,1,30,15,6,9,1,2,1,30,34,15,0,,0
6,2,42,10,3,0,3,4,0,45,31,89,14,,1
6,2,42,10,3,0,3,4,1,45,31,89,14,,1
9,7,53,3,2,13,3,3,0,92,0,22,37,,1
9,7,53,3,2,13,3,3,1,92,0,22,37,,1
5,5,49,11,2,9,5,0,0,83,19,52,17,,1
5,5,49,11,2,9,5,0,1,83,19,52,17,,1
6,1,8,1,1,6,1,3,0,16,26,66,23,,1
6,1,8,1,1,6,1,3,1,16,26,66,23,,1
0,7,12,4,3,6,0,3,0,10,13,15,19,,1
0,7,12,4,3,6,0,3,1,10,13,15,19,,1
8,2,63,4,0,10,4,0,0,20,29,1,29,,1
8,2,63,4,0,10,4,0,1,20,29,1,29,,1
2,1,61,15,3,4,0,3,0,5,17,94,19,,1
2,1,61,15,3,4,0,3,1,5,17,94,19,,1
2,1,66,13,6,1,3,4,0,34,31,70,23,,1
2,1,66,13,6,1,3,4,1,34,31,70,23,,1
7,6,46,0,4,12,2,1,0,9,18,94,8,,1
7,6,46,0,4,12,2,1,1,9,18,94,8,,1
0,4,8,6,0,1,4,0,0,81,30,24,25,,1
0,4,8,6,0,1,4,0,1,81,30,24,25,,1
7,1,33,0,1,2,2,4,0,86,4,91,3,,1
7,1,33,0,1,2,2,4,1,86,4,91,3,,1
4,7,52,12,3,7,2,4,0,57,26,8,24,,1
4,7,52,12,3,7,2,4,1,57,26,8,24,,1
3,4,38,3,2,2,4,0,0,53,25,43,29,,0
3,4,38,3,2,2,4,0,1,53,25,43,29,,0
4,0,56,9,4,12,0,3,0,15,25,31,7,,1
4,0,56,9,4,12,0,3,1,15,25,31,7,,1
2,2,26,14,3,10,2,3,0,71,0,60,2,,1
2,2,26,14,3,10,2,3,1,71,0,60,2,,1
3,6,54,10,0,9,3,1,0,58,37,5,6,,0
3,6,54,10,0,9,3,1,1,58,37,5,6,,0
6,1,39,7,4,3,0,1,0,64,20,14,30,,1
6,1,39,7,4,3,0,1,1,64,20,14,30,,1
2,2,56,13,4,4,0,3,0,43,4,75,9,,0
2,2,56,13,4,4,0,3,1,43,4,75,9,,0
9,5,49,5,6,10,2,1,0,81,6,90,38,,1
9,5,49,5,6,10,2,1,1,81,6,90,38,,1
4,7,6,9,5,4,2,3,0,75,14,26,30,,1
4,7,6,9,5,4,2,3,1,75,14,26,30,,1
3,2,24,2,4,1,1,1,0,39,30,46,34,,1
3,2,24,2,4,1,1,1,1,39,30,46,34,,1
2,4,18,8,4,6,3,2,0,85,2,0,31,,0
2,4,18,8,4,6,3,2,1,85,2,0,31,,0
5,2,44,14,2,4,0,3,0,46,12,14,35,,1
5,2,44,14,2,4,0,3,1,46,12,14,35,,1
8,4,47,15,5,2,2,4,0,19,4,6,37,,1
8,4,47,15,5,2,2,4,1,19,4,6,37,,1
9,7,29,5,6,10,4,0,0,16,30,59,34,,1
9,7,29,5,6,10,4,0,1,16,30,59,34,,1
5,2,41,7,4,8,3,4,0,22,31,73,13,,1
5,2,41,7,4,8,3,4,1,22,31,73,13,,1
7,0,55,1,4,0,0,1,0,91,9,24,35,,1
7,0,55,1,4,0,0,1,1,91,9,24,35,,1
1,4,40,1,0,4,5,0,0,85,30,41,11,,1
1,4,40,1,0,4,5,0,1,85,30,41,11,,1
8,2,64,5,5,8,1,3,0,41,12,48,30,,1
8,2,64,5,5,8,1,3,1,41,12,48,30,,1
0,2,14,13,0,11,0,1,0,17,5,98,8,,0
0,2,14,13,0,11,0,1,1,17,5,98,8,,0
1,6,30,4,6,1,2,2,0,45,2,94,19,,1
1,6,30,4,6,1,2,2,1,45,2,94,19,,1
9,2,37,12,5,7,4,1,0,45,31,97,32,,1
9,2,37,12,5,7,4,1,1,45,31,97,32,,1
6,7,50,12,2,3,4,3,0,81,22,62,9,,0
6,7,50,12,2,3,4,3,1,81,22,62,9,,0
5,2,33,2,3,9,5,3,0,52,15,79,25,,1
5,2,33,2,3,9,5,3,1,52,15,79,25,,1
0,0,9,12,6,6,5,4,0,63,31,23,11,,1
0,0,9,12,6,6,5,4,1,63,31,23,11,,1
0,0,50,7,1,9,4,1,0,77,5,25,3,,1
0,0,50,7,1,9,4,1,1,77,5,25,3,,1
5,0,31,7,2,8,5,3,0,95,18,34,3,,1
5,0,31,7,2,8,5,3,1,95,18,34,3,,1
3,4,29,3,2,10,4,2,0,41,39,62,8,,1
3,4,29,3,2,10,4,2,1,41,39,62,8,,1
1,7,40,6,4,9,3,2,0,70,13,48,27,,1
1,7,40,6,4,9,3,2,1,70,13,48,27,,1
3,1,66,4,0,9,0,3,0,68,20,4,10,,1
3,1,66,4,0,9,0,3,1,68,20,4,10,,1
4,0,66,5,1,13,2,0,0,16,37,81,23,,1
4,0,66,5,1,13,2,0,1,16,37,81,23,,1
4,3,35,12,4,6,4,2,0,76,7,50,32,,1
4,3,35,12,4,6,4,2,1,76,7,50,32,,1
4,0,22,11,0,7,1,3,0,95,0,20,24,,1
4,0,22,11,0,7,1,3,1,95,0,20,24,,1
3,3,9,14,4,9,2,2,0,89,8,34,15,,1
3,3,9,14,4,9,2,2,1,89,8,34,15,,1
8,3,67,1,1,1,5,2,0,47,11,19,31,,1
8,3,67,1,1,1,5,2,1,47,11,19,31,,1
3,7,38,15,2,11,4,1,0,75,23,77,31,,1
3,7,38,15,2,11,4,1,1,75,23,77,31,,1
4,4,61,2,3,1,5,1,0,85,2,41,26,,1
4,4,61,2,3,1,5,1,1,85,2,41,26,,1
6,6,60,11,2,4,5,3,0,97,6,28,9,,1
6,6,60,11,2,4,5,3,1,97,6,28,9,,1
7,3,20,7,4,5,0,4,0,64,20,73,37,,1
7,3,20,7,4,5,0,4,1,64,20,73,37,,1
8,7,0,5,4,8,2,0,0,19,6,14,30,,1
8,7,0,5,4,8,2,0,1,19,6,14,30,,1
7,4,29,14,5,13,2,1,0,63,14,15,15,,1
7,4,29,14,5,13,2,1,1,63,14,15,15,,1
6,5,22,9,1,13,2,1,0,15,32,53,1,,1
6,5,22,9,1,13,2,1,1,15,32,53,1,,1
6,7,24,5,3,10,0,1,0,94,36,4,36,,1
6,7,24,5,3,10,0,1,1,94,36,4,36,,1
7,4,32,9,4,6,5,0,0,10,38,33,2,,1
7,4,32,9,4,6,5,0,1,10,38,33,2,,1
7,1,10,9,3,8,5,2,0,38,34,78,39,,0
7,1,10,9,3,8,5,2,1,38,34,78,39,,0
8,7,2,6,1,5,5,0,0,49,17,18,39,,1
8,7,2,6,1,5,5,0,1,49,17,18,39,,1
2,7,41,12,6,5,1,0,0,37,10,90,1,,0
2,7,41,12,6,5,1,0,1,37,10,90,1,,0
7,7,37,9,6,13,3,3,0,60,5,44,36,,0
7,7,37,9,6,13,3,3,1,60,5,44,36,,0
8,2,61,0,2,10,0,3,0,4,10,70,4,,1
8,2,61,0,2,10,0,3,1,4,10,70,4,,1
8,6,13,4,0,9,0,0,0,83,14,37,1,,0
8,6,13,4,0,9,0,0,1,83,14,37,1,,0
6,2,57,0,4,6,1,3,0,33,22,19,18,,1
6,2,57,0,4,6,1,3,1,33,22,19,18,,1
2,7,51,7,5,8,1,4,0,52,24,26,18,,1
2,7,51,7,5,8,1,4,1,52,24,26,18,,1
9,6,32,10,4,0,3,2,0,31,35,51,3,,1
9,6,32,10,4,0,3,2,1,31,35,51,3,,1
9,6,11,10,5,0,1,0,0,54,9,49,23,,1
9,6,11,10,5,0,1,0,1,54,9,49,23,,1
2,2,56,3,0,10,1,4,0,76,29,24,24,,1
2,2,56,3,0,10,1,4,1,76,29,24,24,,1
9,1,65,0,5,3,5,1,0,2,27,69,25,,1
9,1,65,0,5,3,5,1,1,2,27,69,25,,1
5,3,69,5,5,1,4,1,0,20,34,94,1,,1
5,3,69,5,5,1,4,1,1,20,34,94,1,,1
6,3,41,3,0,11,1,1,0,28,19,66,14,,1
6,3,41,3,0,11,1,1,1,28,19,66,14,,1
3,3,65,13,3,3,2,0,0,8,5,62,27,,1
3,3,65,13,3,3,2,0,1,8,5,62,27,,1
6,1,20,8,0,4,5,1,0,94,33,69,27,,1
6,1,20,8,0,4,5,1,1,94,33,69,27,,1
7,4,41,12,3,8,5,3,0,42,26,79,29,,1
7,4,41,12,3,8,5,3,1,42,26,79,29,,1
5,4,16,7,3,6,3,2,0,66,23,42,0,,0
5,4,16,7,3,6,3,2,1,66,23,42,0,,0
3,1,22,3,4,10,2,4,0,29,1,46,26,,1
3,1,22,3,4,10,2,4,1,29,1,46,26,,1
9,1,56,12,0,8,4,2,0,34,23,81,31,,1
9,1,56,12,0,8,4,2,1,34,23,81,31,,1
2,7,17,13,3,8,5,1,0,81,9,86,26,,1
2,7,17,13,3,8,5,1,1,81,9,86,26,,1
4,6,1,1,2,13,2,1,0,49,29,7,1,,1
4,6,1,1,2,13,2,1,1,49,29,7,1,,1
7,5,23,14,2,12,5,2,0,52,20,72,9,,1
7,5,23,14,2,12,5,2,1,52,20,72,9,,1
2,1,5,15,2,5,4,3,0,88,22,6,7,,1
2,1,5,15,2,5,4,3,1,88,22,6,7,,1
6,6,65,3,4,5,0,0,0,5,5,33,26,,1
6,6,65,3,4,5,0,0,1,5,5,33,26,,1
5,3,26,14,6,0,5,3,0,10,8,62,19,,1
5,3,26,14,6,0,5,3,1,10,8,62,19,,1
0,6,49,0,0,10,3,3,0,48,10,11,7,,1
0,6,49,0,0,10,3,3,1,48,10,11,7,,1
8,5,24,4,3,3,0,2,0,10,6,15,11,,1
8,5,24,4,3,3,0,2,1,10,6,15,11,,1
9,3,35,5,6,4,0,3,0,38,16,1,22,,1
9,3,35,5,6,4,0,3,1,38,16,1,22,,1
4,6,59,0,5,13,5,1,0,20,21,53,16,,1
4,6,59,0,5,13,5,1,1,20,21,53,16,,1
4,1,55,5,2,7,0,1,0,92,20,38,13,,1
4,1,55,5,2,7,0,1,1,92,20,38,13,,1
1,4,35,3,5,9,5,0,0,68,23,7,15,,1
1,4,35,3,5,9,5,0,1,68,23,7,15,,1
7,1,44,1,6,7,4,0,0,93,32,62,24,,1
7,1,44,1,6,7,4,0,1,93,32,62,24,,1
4,5,12,4,2,0,5,0,0,14,3,81,33,,1
4,5,12,4,2,0,5,0,1,14,3,81,33,,1
5,4,55,13,5,3,1,3,0,59,39,37,17,,1
5,4,55,13,5,3,1,3,1,59,39,37,17,,1
0,6,54,11,5,0,2,3,0,89,16,29,20,,1
0,6,54,11,5,0,2,3,1,89,16,29,20,,1
2,4,49,11,1,8,4,4,0,11,1,29,35,,1
2,4,49,11,1,8,4,4,1,11,1,29,35,,1
6,4,8,7,0,11,1,0,0,46,17,42,30,,1
6,4,8,7,0,11,1,0,1,46,17,42,30,,1
7,2,25,6,5,6,2,1,0,36,8,71,15,,1
7,2,25,6,5,6,2,1,1,36,8,71,15,,1
3,5,30,5,0,0,1,3,0,54,17,92,32,,0
3,5,30,5,0,0,1,3,1,54,17,92,32,,0
1,4,0,14,4,9,3,3,0,93,0,35,0,,1
1,4,0,14,4,9,3,3,1,93,0,35,0,,1
0,1,39,12,3,12,4,0,0,31,24,18,19,,1
0,1,39,12,3,12,4,0,1,31,24,18,19,,1
4,0,30,15,4,5,5,3,0,19,30,50,10,,0
4,0,30,15,4,5,5,3,1,19,30,50,10,,0
7,4,24,14,4,5,2,3,0,31,21,81,11,,1
7,4,24,14,4,5,2,3,1,31,21,81,11,,1
7,2,35,13,5,8,0,0,0,45,36,28,25,,1
7,2,35,13,5,8,0,0,1,45,36,28,25,,1
0,7,19,1,4,1,0,4,0,87,30,5,0,,1
0,7,19,1,4,1,0,4,1,87,30,5,0,,1
0,4,56,5,2,11,0,3,0,32,11,63,8,,1
0,4,56,5,2,11,0,3,1,32,11,63,8,,1
8,2,48,8,5,4,4,1,0,78,26,36,14,,0
8,2,48,8,5,4,4,1,1,78,26,36,14,,0
4,5,65,4,2,0,1,0,0,71,15,90,14,,1
4,5,65,4,2,0,1,0,1,71,15,90,14,,1
6,7,58,10,1,10,5,2,0,18,7,37,21,,1
6,7,58,10,1,10,5,2,1,18,7,37,21,,1
1,7,4,14,6,6,3,0,0,15,38,31,16,,1
1,7,4,14,6,6,3,0,1,15,38,31,16,,1
1,2,48,10,0,3,5,1,0,80,33,98,2,,0
1,2,48,10,0,3,5,1,1,80,33,98,2,,0
3,0,45,14,6,0,3,0,0,82,14,9,28,,1
3,0,45,14,6,0,3,0,1,82,14,9,28,,1
5,0,0,12,2,5,1,2,0,85,38,81,6,,0
5,0,0,12,2,5,1,2,1,85,38,81,6,,0
1,6,19,5,3,8,0,2,0,46,4,42,27,,1
1,6,19,5,3,8,0,2,1,46,4,42,27,,1
2,1,61,12,3,12,2,4,0,59,26,11,14,,1
2,1,61,12,3,12,2,4,1,59,26,11,14,,1
9,5,35,8,1,2,0,2,0,71,39,65,31,,0
9,5,35,8,1,2,0,2,1,71,39,65,31,,0
9,0,27,11,6,11,2,1,0,98,21,50,30,,1
9,0,27,11,6,11,2,1,1,98,21,50,30,,1
6,6,12,0,6,11,3,4,0,65,32,79,18,,1
6,6,12,0,6,11,3,4,1,65,32,79,18,,1
4,0,8,9,4,1,3,2,0,78,5,99,29,,1
4,0,8,9,4,1,3,2,1,78,5,99,29,,1
1,1,21,2,4,2,0,4,0,48,7,87,39,,1
1,1,21,2,4,2,0,4,1,48,7,87,39,,1
2,5,17,2,3,10,1,3,0,55,24,61,25,,1
2,5,17,2,3,10,1,3,1,55,24,61,25,,1
9,0,27,10,0,7,4,1,0,73,9,0,16,,1
9,0,27,10,0,7,4,1,1,73,9,0,16,,1
0,0,24,10,5,8,0,0,0,72,3,86,1,,0
0,0,24,10,5,8,0,0,1,72,3,86,1,,0
9,7,19,9,0,3,3,3,0,36,17,30,17,,1
9,7,19,9,0,3,3,3,1,36,17,30,17,,1
9,4,64,5,1,3,0,3,0,98,13,53,0,,1
9,4,64,5,1,3,0,3,1,98,13,53,0,,1
0,0,33,11,1,3,4,3,0,68,34,15,24,,0
0,0,33,11,1,3,4,3,1,68,34,15,24,,0
2,3,66,9,2,12,5,2,0,70,8,16,27,,1
2,3,66,9,2,12,5,2,1,70,8,16,27,,1
0,4,32,15,0,8,2,1,0,51,30,5,24,,1
0,4,32,15,0,8,2,1,1,51,30,5,24,,1
3,5,41,10,1,2,0,0,0,21,14,18,18,,1
3,5,41,10,1,2,0,0,1,21,14,18,18,,1
2,7,11,13,6,2,1,1,0,87,34,71,28,,1
2,7,11,13,6,2,1,1,1,87,34,71,28,,1
7,3,0,2,4,13,1,2,0,70,1,12,18,,1
7,3,0,2,4,13,1,2,1,70,1,12,18,,1
1,1,14,5,0,3,4,0,0,38,26,54,4,,1
1,1,14,5,0,3,4,0,1,38,26,54,4,,1
4,4,49,8,0,13,5,1,0,93,4,36,11,,1
4,4,49,8,0,13,5,1,1,93,4,36,11,,1
0,3,60,2,1,8,2,0,0,68,1,42,26,,1
0,3,60,2,1,8,2,0,1,68,1,42,26,,1
7,3,33,9,0,3,0,2,0,61,3,36,5,,1
7,3,33,9,0,3,0,2,1,61,3,36,5,,1
5,7,31,11,1,4,1,1,0,19,1,46,33,,1
5,7,31,11,1,4,1,1,1,19,1,46,33,,1
7,1,26,13,1,1,5,1,0,30,30,74,23,,1
7,1,26,13,1,1,5,1,1,30,30,74,23,,1
8,7,45,7,4,4,4,1,0,63,24,25,17,,0
8,7,45,7,4,4,4,1,1,63,24,25,17,,0
9,2,26,1,4,12,2,4,0,95,36,10,15,,1
9,2,26,1,4,12,2,4,1,95,36,10,15,,1
8,6,66,1,3,2,4,3,0,13,16,45,38,,0
8,6,66,1,3,2,4,3,1,13,16,45,38,,0
3,0,10,13,3,6,5,3,0,84,19,28,21,,1
3,0,10,13,3,6,5,3,1,84,19,28,21,,1
1,2,41,6,3,10,2,0,0,82,33,62,7,,1
1,2,41,6,3,10,2,0,1,82,33,62,7,,1
7,3,45,14,1,8,3,2,0,40,23,3,1,,1
7,3,45,14,1,8,3,2,1,40,23,3,1,,1
1,7,46,3,4,7,0,1,0,55,31,75,25,,1
1,7,46,3,4,7,0,1,1,55,31,75,25,,1
8,7,50,13,0,2,0,4,0,79,16,69,1,,0
8,7,50,13,0,2,0,4,1,79,16,69,1,,0
2,1,51,5,4,1,4,3,0,84,32,50,28,,0
2,1,51,5,4,1,4,3,1,84,32,50,28,,0
1,2,60,9,4,10,2,2,0,78,30,1,11,,1
1,2,60,9,4,10,2,2,1,78,30,1,11,,1
8,0,10,11,6,7,3,3,0,24,34,39,35,,1
8,0,10,11,6,7,3,3,1,24,34,39,35,,1
6,1,42,5,4,2,3,0,0,49,21,45,31,,1
6,1,42,5,4,2,3,0,1,49,21,45,31,,1
5,0,54,1,5,13,0,4,0,41,3,12,15,,1
5,0,54,1,5,13,0,4,1,41,3,12,15,,1
3,1,68,9,1,13,3,4,0,20,23,46,22,,1
3,1,68,9,1,13,3,4,1,20,23,46,22,,1
8,2,30,10,6,6,3,1,0,36,21,14,11,,1
8,2,30,10,6,6,3,1,1,36,21,14,11,,1
6,7,46,7,3,1,1,2,0,83,26,3,23,,1
6,7,46,7,3,1,1,2,1,83,26,3,23,,1
3,0,58,8,1,13,4,3,0,0,36,9,21,,1
3,0,58,8,1,13,4,3,1,0,36,9,21,,1
0,0,69,9,6,13,2,0,0,4,25,32,12,,1
0,0,69,9,6,13,2,0,1,4,25,32,12,,1
1,6,58,7,4,13,0,0,0,18,0,71,37,,1
1,6,58,7,4,13,0,0,1,18,0,71,37,,1
1,6,33,1,1,11,5,0,0,52,36,16,9,,1
1,6,33,1,1,11,5,0,1,52,36,16,9,,1
9,6,53,11,0,7,4,1,0,65,12,10,28,,0
9,6,53,11,0,7,4,1,1,65,12,10,28,,0
5,0,23,1,5,6,4,0,0,19,18,32,21,,1
5,0,23,1,5,6,4,0,1,19,18,32,21,,1
2,7,67,12,3,6,4,0,0,53,39,6,2,,1
2,7,67,12,3,6,4,0,1,53,39,6,2,,1
9,0,15,13,6,0,1,3,0,29,10,29,6,,0
9,0,15,13,6,0,1,3,1,29,10,29,6,,0
1,0,55,8,3,9,5,2,0,64,33,59,29,,1
1,0,55,8,3,9,5,2,1,64,33,59,29,,1
6,6,15,14,1,5,3,4,0,89,27,83,37,,0
6,6,15,14,1,5,3,4,1,89,27,83,37,,0
9,0,4,6,0,5,2,3,0,98,23,81,15,,1
9,0,4,6,0,5,2,3,1,98,23,81,15,,1
0,1,29,10,4,6,2,0,0,14,20,84,15,,1
0,1,29,10,4,6,2,0,1,14,20,84,15,,1
4,4,33,10,4,2,3,2,0,50,34,11,30,,1
4,4,33,10,4,2,3,2,1,50,34,11,30,,1
0,2,45,11,4,5,4,4,0,59,16,1,32,,1
0,2,45,11,4,5,4,4,1,59,16,1,32,,1
8,0,50,13,0,11,2,0,0,35,37,7,19,,1
8,0,50,13,0,11,2,0,1,35,37,7,19,,1
0,2,32,7,0,13,5,3,0,37,1,45,2,,1
0,2,32,7,0,13,5,3,1,37,1,45,2,,1
6,4,0,9,2,13,2,0,0,11,15,56,24,,1
6,4,0,9,2,13,2,0,1,11,15,56,24,,1
2,2,66,15,5,10,4,3,0,41,32,42,7,,0
2,2,66,15,5,10,4,3,1,41,32,42,7,,0
0,6,37,11,0,10,2,4,0,41,22,17,30,,1
0,6,37,11,0,10,2,4,1,41,22,17,30,,1
6,0,21,2,0,4,3,4,0,24,5,59,26,,1
6,0,21,2,0,4,3,4,1,24,5,59,26,,1
3,2,45,10,3,13,2,2,0,58,19,62,8,,1
3,2,45,10,3,13,2,2,1,58,19,62,8,,1
3,3,26,5,5,3,0,0,0,98,17,58,36,,1
3,3,26,5,5,3,0,0,1,98,17,58,36,,1
3,4,10,12,3,5,1,0,0,4,14,23,13,,1
3,4,10,12,3,5,1,0,1,4,14,23,13,,1
2,1,24,10,3,3,2,3,0,45,20,45,19,,1
2,1,24,10,3,3,2,3,1,45,20,45,19,,1
4,7,54,12,0,11,3,0,0,42,15,19,39,,1
4,7,54,12,0,11,3,0,1,42,15,19,39,,1
1,5,39,11,3,0,4,1,0,51,6,60,28,,1
1,5,39,11,3,0,4,1,1,51,6,60,28,,1
1,0,3,3,2,1,1,0,0,17,26,74,24,,0
1,0,3,3,2,1,1,0,1,17,26,74,24,,0
5,2,28,0,6,0,4,3,0,85,32,19,29,,1
5,2,28,0,6,0,4,3,1,85,32,19,29,,1
4,5,67,7,4,8,0,4,0,99,28,73,26,,1
4,5,67,7,4,8,0,4,1,99,28,73,26,,1
8,0,55,14,3,8,1,4,0,18,36,50,2,,1
8,0,55,14,3,8,1,4,1,18,36,50,2,,1
2,0,58,9,4,2,4,4,0,67,16,43,1,,1
2,0,58,9,4,2,4,4,1,67,16,43,1,,1
7,6,0,0,0,7,2,3,0,10,24,32,23,,1
7,6,0,0,0,7,2,3,1,10,24,32,23,,1
8,5,38,10,1,13,3,1,0,13,15,87,39,,1
8,5,38,10,1,13,3,1,1,13,15,87,39,,1
0,5,15,7,0,8,1,3,0,53,39,95,17,,1
0,5,15,7,0,8,1,3,1,53,39,95,17,,1
6,3,58,14,3,13,0,2,0,40,19,81,30,,1
6,3,58,14,3,13,0,2,1,40,19,81,30,,1
5,6,59,5,6,10,5,0,0,29,30,64,27,,1
5,6,59,5,6,10,5,0,1,29,30,64,27,,1
4,6,58,12,1,6,4,2,0,92,12,4,18,,1
4,6,58,12,1,6,4,2,1,92,12,4,18,,1
5,6,37,15,5,7,4,0,0,47,1,4,29,,1
5,6,37,15,5,7,4,0,1,47,1,4,29,,1
0,4,40,7,2,4,5,0,0,22,15,1,22,,1
0,4,40,7,2,4,5,0,1,22,15,1,22,,1
9,4,25,6,0,10,1,0,0,22,28,37,18,,1
9,4,25,6,0,10,1,0,1,22,28,37,18,,1
4,3,58,12,5,12,1,2,0,78,29,73,2,,1
4,3,58,12,5,12,1,2,1,78,29,73,2,,1
0,6,9,3,4,9,2,4,0,87,38,43,14,,1
0,6,9,3,4,9,2,4,1,87,38,43,14,,1
5,0,8,12,5,2,3,4,0,7,27,77,6,,0
5,0,8,12,5,2,3,4,1,7,27,77,6,,0
1,1,31,7,6,3,1,4,0,93,0,84,24,,1
1,1,31,7,6,3,1,4,1,93,0,84,24,,1
5,1,69,15,0,3,5,1,0,82,13,93,16,,1
5,1,69,15,0,3,5,1,1,82,13,93,16,,1
1,1,61,6,5,2,5,4,0,89,3,90,18,,0
1,1,61,6,5,2,5,4,1,89,3,90,18,,0
1,3,20,5,6,8,2,3,0,11,16,62,26,,1
1,3,20,5,6,8,2,3,1,11,16,62,26,,1
9,2,35,1,1,4,5,0,0,20,26,65,11,,1
9,2,35,1,1,4,5,0,1,20,26,65,11,,1
9,7,47,10,6,10,5,3,0,67,35,5,4,,1
9,7,47,10,6,10,5,3,1,67,35,5,4,,1
2,0,2,13,0,12,4,4,0,27,4,71,26,,1
2,0,2,13,0,12,4,4,1,27,4,71,26,,1
1,5,59,1,3,2,0,3,0,14,38,87,10,,1
1,5,59,1,3,2,0,3,1,14,38,87,10,,1
9,5,50,3,4,3,2,2,0,30,39,89,10,,1
9,5,50,3,4,3,2,2,1,30,39,89,10,,1
3,5,23,15,4,3,5,1,0,13,9,71,9,,1
3,5,23,15,4,3,5,1,1,13,9,71,9,,1
4,5,4,12,0,11,0,2,0,42,20,65,4,,1
4,5,4,12,0,11,0,2,1,42,20,65,4,,1
1,2,13,7,6,12,3,1,0,90,37,70,13,,1
1,2,13,7,6,12,3,1,1,90,37,70,13,,1
5,2,49,8,3,8,4,2,0,64,30,27,32,,1
5,2,49,8,3,8,4,2,1,64,30,27,32,,1
9,3,6,5,1,10,1,4,0,74,35,49,39,,1
9,3,6,5,1,10,1,4,1,74,35,49,39,,1
7,4,67,6,5,13,5,2,0,37,19,67,28,,1
7,4,67,6,5,13,5,2,1,37,19,67,28,,1
1,0,8,1,4,13,0,0,0,51,12,70,23,,1
1,0,8,1,4,13,0,0,1,51,12,70,23,,1
7,4,49,14,3,9,4,2,0,75,5,72,18,,1
7,4,49,14,3,9,4,2,1,75,5,72,18,,1
9,5,41,9,4,10,1,1,0,37,16,78,26,,0
9,5,41,9,4,10,1,1,1,37,16,78,26,,0
5,2,7,12,1,1,5,1,0,41,15,53,5,,1
5,2,7,12,1,1,5,1,1,41,15,53,5,,1
5,2,62,0,5,8,4,1,0,43,26,85,0,,1
5,2,62,0,5,8,4,1,1,43,26,85,0,,1
7,1,25,8,1,5,1,3,0,83,25,92,14,,1
7,1,25,8,1,5,1,3,1,83,25,92,14,,1
9,5,42,3,5,6,0,3,0,66,13,34,3,,1
9,5,42,3,5,6,0,3,1,66,13,34,3,,1
5,4,57,3,6,11,1,0,0,57,23,42,7,,0
5,4,57,3,6,11,1,0,1,57,23,42,7,,0
2,6,66,0,6,2,0,4,0,92,20,48,37,,1
2,6,66,0,6,2,0,4,1,92,20,48,37,,1
9,1,20,14,4,6,5,1,0,11,8,54,34,,1
9,1,20,14,4,6,5,1,1,11,8,54,34,,1
2,5,8,14,0,6,1,2,0,94,38,46,24,,0
2,5,8,14,0,6,1,2,1,94,38,46,24,,0
1,7,24,8,2,13,4,3,0,93,11,53,0,,0
1,7,24,8,2,13,4,3,1,93,11,53,0,,0
9,3,66,13,4,4,5,3,0,53,19,50,4,,1
9,3,66,13,4,4,5,3,1,53,19,50,4,,1
8,6,15,4,1,7,3,1,0,66,26,8,30,,1
8,6,15,4,1,7,3,1,1,66,26,8,30,,1
3,1,15,12,3,10,0,1,0,26,21,87,7,,1
3,1,15,12,3,10,0,1,1,26,21,87,7,,1
6,4,16,12,0,7,0,3,0,8,33,81,17,,1
6,4,16,12,0,7,0,3,1,8,33,81,17,,1
3,1,68,10,1,13,1,1,0,17,0,77,20,,1
3,1,68,10,1,13,1,1,1,17,0,77,20,,1
1,4,51,10,5,4,4,3,0,73,39,86,4,,1
1,4,51,10,5,4,4,3,1,73,39,86,4,,1
0,5,2,10,3,7,5,2,0,50,1,86,29,,1
0,5,2,10,3,7,5,2,1,50,1,86,29,,1
0,2,2,3,0,4,4,3,0,47,39,35,29,,0
0,2,2,3,0,4,4,3,1,47,39,35,29,,0
2,0,48,4,6,8,4,2,0,82,16,15,21,,1
2,0,48,4,6,8,4,2,1,82,16,15,21,,1
3,5,35,6,5,2,0,2,0,6,21,36,8,,1
3,5,35,6,5,2,0,2,1,6,21,36,8,,1
2,4,14,2,2,1,5,2,0,20,15,86,20,,1
2,4,14,2,2,1,5,2,1,20,15,86,20,,1
3,3,51,10,0,8,4,4,0,76,3,47,39,,1
3,3,51,10,0,8,4,4,1,76,3,47,39,,1
7,2,7,2,1,7,5,1,0,3,17,15,1,,0
7,2,7,2,1,7,5,1,1,3,17,15,1,,0
5,3,42,1,3,9,0,2,0,36,0,9,24,,1
5,3,42,1,3,9,0,2,1,36,0,9,24,,1
6,6,32,10,3,13,2,0,0,11,31,61,12,,1
6,6,32,10,3,13,2,0,1,11,31,61,12,,1
6,1,66,2,3,13,3,4,0,33,37,2,19,,1
6,1,66,2,3,13,3,4,1,33,37,2,19,,1
2,3,6,11,0,13,3,2,0,23,13,59,38,,1
2,3,6,11,0,13,3,2,1,23,13,59,38,,1
7,7,62,0,5,1,3,0,0,98,36,53,23,,1
7,7,62,0,5,1,3,0,1,98,36,53,23,,1
5,4,15,6,1,11,3,3,0,41,5,47,35,,1
5,4,15,6,1,11,3,3,1,41,5,47,35,,1
2,3,52,4,3,8,4,2,0,3,17,50,20,,1
2,3,52,4,3,8,4,2,1,3,17,50,20,,1
8,4,39,2,2,0,2,3,0,13,25,45,26,,1
8,4,39,2,2,0,2,3,1,13,25,45,26,,1
5,2,23,0,1,4,0,1,0,5,24,35,39,,1
5,2,23,0,1,4,0,1,1,5,24,35,39,,1
1,4,33,8,4,12,4,2,0,9,19,71,20,,1
1,4,33,8,4,12,4,2,1,9,19,71,20,,1
5,1,41,9,4,4,5,2,0,82,8,87,18,,1
5,1,41,9,4,4,5,2,1,82,8,87,18,,1
1,2,13,9,4,9,1,1,0,86,21,55,4,,1
1,2,13,9,4,9,1,1,1,86,21,55,4,,1
3,6,45,12,6,3,5,0,0,38,6,89,9,,1
3,6,45,12,6,3,5,0,1,38,6,89,9,,1
6,3,43,12,1,4,5,3,0,94,1,27,27,,1
6,3,43,12,1,4,5,3,1,94,1,27,27,,1
2,5,48,4,3,8,5,2,0,80,16,99,14,,0
2,5,48,4,3,8,5,2,1,80,16,99,14,,0
2,3,62,14,4,6,0,3,0,46,27,43,35,,1
2,3,62,14,4,6,0,3,1,46,27,43,35,,1
7,7,14,9,0,3,2,4,0,69,27,48,37,,1
7,7,14,9,0,3,2,4,1,69,27,48,37,,1
6,6,6,15,6,8,3,1,0,65,4,56,29,,1
6,6,6,15,6,8,3,1,1,65,4,56,29,,1
1,3,25,9,5,7,2,3,0,35,37,12,4,,1
1,3,25,9,5,7,2,3,1,35,37,12,4,,1
5,0,33,6,6,6,3,3,0,29,28,2,24,,0
5,0,33,6,6,6,3,3,1,29,28,2,24,,0
1,0,58,3,1,9,0,0,0,41,25,12,0,,0
1,0,58,3,1,9,0,0,1,41,25,12,0,,0
2,7,54,2,3,8,2,3,0,14,18,3,25,,1
2,7,54,2,3,8,2,3,1,14,18,3,25,,1
1,2,49,5,5,5,1,3,0,55,2,57,23,,1
1,2,49,5,5,5,1,3,1,55,2,57,23,,1
4,1,15,10,6,3,0,2,0,43,23,1,19,,0
4,1,15,10,6,3,0,2,1,43,23,1,19,,0
0,7,69,15,1,4,3,2,0,60,10,80,7,,1
0,7,69,15,1,4,3,2,1,60,10,80,7,,1
8,3,43,2,2,10,1,3,0,57,11,82,23,,1
8,3,43,2,2,10,1,3,1,57,11,82,23,,1
7,7,59,1,1,6,2,3,0,37,11,63,16,,1
7,7,59,1,1,6,2,3,1,37,11,63,16,,1
5,6,38,12,6,7,1,2,0,54,8,21,33,,1
5,6,38,12,6,7,1,2,1,54,8,21,33,,1
0,4,53,1,4,4,2,3,0,76,26,22,38,,0
0,4,53,1,4,4,2,3,1,76,26,22,38,,0
2,3,52,7,3,13,3,4,0,9,25,98,28,,1
2,3,52,7,3,13,3,4,1,9,25,98,28,,1
6,7,44,9,6,6,3,1,0,65,11,21,39,,1
6,7,44,9,6,6,3,1,1,65,11,21,39,,1
4,5,55,10,0,8,2,0,0,27,31,8,4,,1
4,5,55,10,0,8,2,0,1,27,31,8,4,,1
5,5,7,3,6,11,5,1,0,78,0,36,21,,1
5,5,7,3,6,11,5,1,1,78,0,36,21,,1
4,1,60,2,2,5,4,1,0,7,3,34,13,,1
4,1,60,2,2,5,4,1,1,7,3,34,13,,1
7,1,38,2,3,11,2,2,0,71,29,52,20,,1
7,1,38,2,3,11,2,2,1,71,29,52,20,,1
1,4,17,9,4,9,5,2,0,21,27,82,36,,1
1,4,17,9,4,9,5,2,1,21,27,82,36,,1
4,2,13,9,2,3,5,4,0,56,26,35,3,,1
4,2,13,9,2,3,5,4,1,56,26,35,3,,1
2,7,60,13,6,10,1,3,0,32,18,99,4,,1
2,7,60,13,6,10,1,3,1,32,18,99,4,,1
3,2,61,9,6,13,2,2,0,90,13,4,35,,1
3,2,61,9,6,13,2,2,1,90,13,4,35,,1
5,4,36,5,1,9,4,2,0,11,7,81,11,,1
5,4,36,5,1,9,4,2,1,11,7,81,11,,1
0,3,59,13,4,4,5,2,0,32,17,43,22,,1
0,3,59,13,4,4,5,2,1,32,17,43,22,,1
7,0,5,15,4,10,5,0,0,13,36,33,35,,1
7,0,5,15,4,10,5,0,1,13,36,33,35,,1
8,1,24,1,4,2,5,1,0,90,21,21,1,,0
8,1,24,1,4,2,5,1,1,90,21,21,1,,0
0,4,65,3,4,9,5,2,0,98,1,15,35,,1
0,4,65,3,4,9,5,2,1,98,1,15,35,,1
9,2,4,7,3,1,2,1,0,24,26,75,9,,1
9,2,4,7,3,1,2,1,1,24,26,75,9,,1
5,3,61,0,4,3,5,3,0,94,7,93,18,,1
5,3,61,0,4,3,5,3,1,94,7,93,18,,1
3,0,4,9,6,7,5,4,0,73,3,0,1,,0
3,0,4,9,6,7,5,4,1,73,3,0,1,,0
7,7,48,3,1,9,0,0,0,37,2,27,2,,1
7,7,48,3,1,9,0,0,1,37,2,27,2,,1
9,5,43,7,2,1,4,2,0,16,3,14,12,,1
9,5,43,7,2,1,4,2,1,16,3,14,12,,1
0,6,6,7,6,3,2,0,0,44,39,60,19,,0
0,6,6,7,6,3,2,0,1,44,39,60,19,,0
7,2,18,9,1,11,3,1,0,5,20,91,3,,1
7,2,18,9,1,11,3,1,1,5,20,91,3,,1
1,0,26,7,3,0,1,1,0,36,32,31,11,,1
1,0,26,7,3,0,1,1,1,36,32,31,11,,1
9,7,21,15,0,2,4,1,0,93,12,55,37,,1
9,7,21,15,0,2,4,1,1,93,12,55,37,,1
1,6,63,5,2,7,4,3,0,65,27,23,31,,1
1,6,63,5,2,7,4,3,1,65,27,23,31,,1
4,1,28,2,1,6,5,0,0,6,12,66,38,,1
4,1,28,2,1,6,5,0,1,6,12,66,38,,1
1,3,26,1,0,0,4,0,0,76,18,82,0,,0
1,3,26,1,0,0,4,0,1,76,18,82,0,,0
2,5,44,4,5,5,5,1,0,81,25,41,26,,1
2,5,44,4,5,5,5,1,1,81,25,41,26,,1
9,4,40,5,3,11,4,3,0,81,30,65,33,,1
9,4,40,5,3,11,4,3,1,81,30,65,33,,1
5,5,61,11,6,5,3,4,0,0,15,84,27,,1
5,5,61,11,6,5,3,4,1,0,15,84,27,,1
9,2,17,2,2,10,4,4,0,25,32,4,21,,1
9,2,17,2,2,10,4,4,1,25,32,4,21,,1
4,7,61,9,3,6,3,1,0,86,28,66,31,,0
4,7,61,9,3,6,3,1,1,86,28,66,31,,0
4,5,38,0,3,8,2,1,0,14,3,8,7,,0
4,5,38,0,3,8,2,1,1,14,3,8,7,,0
4,7,34,2,2,9,5,0,0,82,37,63,10,,0
4,7,34,2,2,9,5,0,1,82,37,63,10,,0
0,7,55,8,1,12,1,0,0,25,23,12,3,,1
0,7,55,8,1,12,1,0,1,25,23,12,3,,1
8,5,21,4,1,0,2,1,0,60,2,12,26,,1
8,5,21,4,1,0,2,1,1,60,2,12,26,,1
7,5,68,9,4,8,4,4,0,67,13,7,1,,1
7,5,68,9,4,8,4,4,1,67,13,7,1,,1
3,1,68,6,5,10,2,0,0,12,16,97,27,,1
3,1,68,6,5,10,2,0,1,12,16,97,27,,1
1,7,5,4,1,12,2,3,0,24,15,74,35,,1
1,7,5,4,1,12,2,3,1,24,15,74,35,,1
3,2,66,2,6,8,4,3,0,3,18,73,8,,1
3,2,66,2,6,8,4,3,1,3,18,73,8,,1
9,0,49,10,0,2,3,2,0,98,35,96,0,,0
9,0,49,10,0,2,3,2,1,98,35,96,0,,0
1,6,16,12,5,12,3,2,0,60,28,19,7,,0
1,6,16,12,5,12,3,2,1,60,28,19,7,,0
5,5,41,1,1,0,4,0,0,13,8,82,5,,1
5,5,41,1,1,0,4,0,1,13,8,82,5,,1
5,3,2,11,2,13,4,3,0,39,33,3,19,,1
5,3,2,11,2,13,4,3,1,39,33,3,19,,1
9,1,54,5,2,1,3,3,0,23,37,54,11,,1
9,1,54,5,2,1,3,3,1,23,37,54,11,,1
8,4,68,5,1,2,5,2,0,53,32,94,28,,1
8,4,68,5,1,2,5,2,1,53,32,94,28,,1
4,0,35,4,3,7,2,0,0,99,7,58,34,,1
4,0,35,4,3,7,2,0,1,99,7,58,34,,1
8,6,54,0,2,8,2,4,0,49,37,54,33,,1
8,6,54,0,2,8,2,4,1,49,37,54,33,,1
3,7,12,10,5,5,0,4,0,75,34,29,26,,1
3,7,12,10,5,5,0,4,1,75,34,29,26,,1
5,4,31,0,3,13,1,4,0,23,38,69,15,,1
5,4,31,0,3,13,1,4,1,23,38,69,15,,1
5,5,44,9,0,8,1,0,0,14,16,14,35,,1
5,5,44,9,0,8,1,0,1,14,16,14,35,,1
7,3,15,1,1,12,3,4,0,51,31,71,23,,1
7,3,15,1,1,12,3,4,1,51,31,71,23,,1
5,0,40,4,4,2,2,1,0,21,13,65,9,,1
5,0,40,4,4,2,2,1,1,21,13,65,9,,1
2,3,19,13,1,6,5,2,0,25,8,68,1,,0
2,3,19,13,1,6,5,2,1,25,8,68,1,,0
8,3,43,12,5,4,4,3,0,47,35,26,25,,1
8,3,43,12,5,4,4,3,1,47,35,26,25,,1
6,1,34,3,5,5,5,2,0,25,23,89,8,,1
6,1,34,3,5,5,5,2,1,25,23,89,8,,1
4,5,41,4,0,2,5,0,0,92,28,77,29,,1
4,5,41,4,0,2,5,0,1,92,28,77,29,,1
7,6,36,15,6,6,5,2,0,97,31,58,26,,1
7,6,36,15,6,6,5,2,1,97,31,58,26,,1
7,5,16,14,6,1,5,4,0,51,4,97,38,,1
7,5,16,14,6,1,5,4,1,51,4,97,38,,1
2,1,39,2,6,2,1,2,0,64,33,54,20,,1
2,1,39,2,6,2,1,2,1,64,33,54,20,,1
2,7,20,7,1,4,5,1,0,9,7,44,11,,1
2,7,20,7,1,4,5,1,1,9,7,44,11,,1
1,7,31,4,2,5,0,2,0,2,6,20,32,,1
1,7,31,4,2,5,0,2,1,2,6,20,32,,1
4,4,0,15,0,3,3,2,0,12,13,47,17,,1
4,4,0,15,0,3,3,2,1,12,13,47,17,,1
3,7,15,5,2,1,5,2,0,23,25,75,33,,1
3,7,15,5,2,1,5,2,1,23,25,75,33,,1
6,5,41,1,2,2,0,0,0,99,2,27,31,,1
6,5,41,1,2,2,0,0,1,99,2,27,31,,1
2,1,43,9,4,8,1,4,0,93,36,54,25,,1
2,1,43,9,4,8,1,4,1,93,36,54,25,,1
3,5,21,3,4,1,3,0,0,7,30,50,9,,1
3,5,21,3,4,1,3,0,1,7,30,50,9,,1
0,5,49,0,1,4,0,0,0,45,23,54,7,,1
0,5,49,0,1,4,0,0,1,45,23,54,7,,1
4,5,54,4,3,4,1,1,0,75,9,40,1,,0
4,5,54,4,3,4,1,1,1,75,9,40,1,,0
9,5,16,10,1,7,2,0,0,69,33,60,16,,1
9,5,16,10,1,7,2,0,1,69,33,60,16,,1
9,2,43,9,0,1,2,2,0,51,12,74,18,,1
9,2,43,9,0,1,2,2,1,51,12,74,18,,1
5,0,42,2,3,6,0,3,0,16,36,76,23,,1
5,0,42,2,3,6,0,3,1,16,36,76,23,,1
5,1,14,8,2,7,5,3,0,49,31,35,39,,0
5,1,14,8,2,7,5,3,1,49,31,35,39,,0
4,6,46,11,3,8,2,4,0,78,17,20,16,,1
4,6,46,11,3,8,2,4,1,78,17,20,16,,1
3,2,4,4,3,10,2,4,0,46,36,70,10,,1
3,2,4,4,3,10,2,4,1,46,36,70,10,,1
4,2,33,12,0,3,3,3,0,65,20,1,2,,1
4,2,33,12,0,3,3,3,1,65,20,1,2,,1
7,6,22,14,0,9,3,1,0,72,34,9,16,,1
7,6,22,14,0,9,3,1,1,72,34,9,16,,1
5,5,8,8,5,3,3,0,0,95,20,77,4,,1
5,5,8,8,5,3,3,0,1,95,20,77,4,,1
7,4,20,12,2,8,2,2,0,85,21,96,39,,0
7,4,20,12,2,8,2,2,1,85,21,96,39,,0
1,7,32,8,3,6,5,2,0,58,9,88,10,,0
1,7,32,8,3,6,5,2,1,58,9,88,10,,0
2,1,2,4,4,4,5,1,0,36,35,9,12,,0
2,1,2,4,4,4,5,1,1,36,35,9,12,,0
3,7,28,12,6,13,5,4,0,80,37,37,32,,1
3,7,28,12,6,13,5,4,1,80,37,37,32,,1
3,1,51,6,0,10,4,0,0,90,19,58,27,,1
3,1,51,6,0,10,4,0,1,90,19,58,27,,1
2,5,19,5,4,12,2,1,0,45,36,85,20,,0
2,5,19,5,4,12,2,1,1,45,36,85,20,,0
4,0,68,5,3,13,1,1,0,65,5,46,27,,1
4,0,68,5,3,13,1,1,1,65,5,46,27,,1
9,2,29,7,2,0,4,3,0,15,7,84,4,,1
9,2,29,7,2,0,4,3,1,15,7,84,4,,1
5,2,27,2,3,5,0,3,0,47,17,98,13,,1
5,2,27,2,3,5,0,3,1,47,17,98,13,,1
8,5,32,3,1,11,5,2,0,0,11,86,18,,1
8,5,32,3,1,11,5,2,1,0,11,86,18,,1
5,4,39,13,1,0,5,2,0,90,15,42,11,,1
5,4,39,13,1,0,5,2,1,90,15,42,11,,1
1,5,61,9,2,13,3,2,0,90,7,82,33,,1
1,5,61,9,2,13,3,2,1,90,7,82,33,,1
4,0,50,1,1,7,2,4,0,30,27,12,21,,1
4,0,50,1,1,7,2,4,1,30,27,12,21,,1
8,4,62,15,3,9,5,0,0,85,4,7,9,,1
8,4,62,15,3,9,5,0,1,85,4,7,9,,1
4,1,63,8,1,10,1,2,0,71,6,88,10,,0
4,1,63,8,1,10,1,2,1,71,6,88,10,,0
3,4,50,2,4,12,0,4,0,63,5,37,5,,1
3,4,50,2,4,12,0,4,1,63,5,37,5,,1
3,6,35,3,1,6,1,2,0,20,9,28,22,,1
3,6,35,3,1,6,1,2,1,20,9,28,22,,1
6,2,26,9,5,12,2,4,0,79,8,87,20,,1
6,2,26,9,5,12,2,4,1,79,8,87,20,,1
2,6,67,2,0,6,4,2,0,85,38,93,25,,1
2,6,67,2,0,6,4,2,1,85,38,93,25,,1
6,6,17,9,5,5,5,1,0,73,9,78,25,,1
6,6,17,9,5,5,5,1,1,73,9,78,25,,1
7,3,30,10,1,10,2,0,0,66,12,73,22,,1
7,3,30,10,1,10,2,0,1,66,12,73,22,,1
9,0,20,3,4,9,0,1,0,9,29,31,13,,1
9,0,20,3,4,9,0,1,1,9,29,31,13,,1
9,0,6,6,3,10,2,1,0,73,18,13,8,,1
9,0,6,6,3,10,2,1,1,73,18,13,8,,1
2,0,24,15,2,7,1,2,0,29,27,75,4,,1
2,0,24,15,2,7,1,2,1,29,27,75,4,,1
9,5,7,10,0,6,0,3,0,71,19,76,1,,0
9,5,7,10,0,6,0,3,1,71,19,76,1,,0
4,1,3,14,2,5,0,1,0,29,0,9,35,,1
4,1,3,14,2,5,0,1,1,29,0,9,35,,1
0,3,48,7,0,0,1,2,0,65,29,99,37,,1
0,3,48,7,0,0,1,2,1,65,29,99,37,,1
4,0,9,8,1,9,5,2,0,56,37,52,28,,1
4,0,9,8,1,9,5,2,1,56,37,52,28,,1
8,4,64,15,2,6,0,0,0,26,39,80,37,,1
8,4,64,15,2,6,0,0,1,26,39,80,37,,1
0,7,51,14,3,7,2,0,0,14,12,55,4,,1
0,7,51,14,3,7,2,0,1,14,12,55,4,,1
2,2,17,9,0,2,2,2,0,72,18,23,0,,1
2,2,17,9,0,2,2,2,1,72,18,23,0,,1
7,7,66,9,5,0,4,1,0,71,31,66,3,,1
7,7,66,9,5,0,4,1,1,71,31,66,3,,1
0,6,55,15,3,12,4,4,0,99,30,49,16,,1
0,6,55,15,3,12,4,4,1,99,30,49,16,,1
8,5,41,10,4,13,3,2,0,58,2,57,2,,1
8,5,41,10,4,13,3,2,1,58,2,57,2,,1
2,2,4,5,2,8,5,1,0,68,3,41,29,,1
2,2,4,5,2,8,5,1,1,68,3,41,29,,1
7,2,57,11,4,6,2,2,0,23,31,8,26,,1
7,2,57,11,4,6,2,2,1,23,31,8,26,,1
3,5,14,11,3,10,3,1,0,39,26,52,1,,1
3,5,14,11,3,10,3,1,1,39,26,52,1,,1
2,6,57,2,1,5,5,2,0,60,33,1,1,,0
2,6,57,2,1,5,5,2,1,60,33,1,1,,0
7,1,44,4,0,6,4,1,0,38,26,64,31,,1
7,1,44,4,0,6,4,1,1,38,26,64,31,,1
2,3,15,1,1,3,1,4,0,62,1,59,12,,1
2,3,15,1,1,3,1,4,1,62,1,59,12,,1
6,7,49,13,4,8,0,0,0,31,21,48,28,,0
6,7,49,13,4,8,0,0,1,31,21,48,28,,0
9,0,51,8,1,13,0,0,0,65,14,5,11,,1
9,0,51,8,1,13,0,0,1,65,14,5,11,,1
2,2,17,14,5,11,5,4,0,78,17,17,29,,1
2,2,17,14,5,11,5,4,1,78,17,17,29,,1
7,2,62,4,5,8,3,3,0,82,28,63,24,,1
7,2,62,4,5,8,3,3,1,82,28,63,24,,1
0,0,8,12,3,9,0,1,0,12,0,25,12,,1
0,0,8,12,3,9,0,1,1,12,0,25,12,,1
6,5,10,11,4,2,1,0,0,0,1,82,13,,1
6,5,10,11,4,2,1,0,1,0,1,82,13,,1
9,2,14,11,0,1,2,2,0,43,26,5,37,,1
9,2,14,11,0,1,2,2,1,43,26,5,37,,1
1,2,0,15,2,1,0,4,0,97,14,68,21,,1
1,2,0,15,2,1,0,4,1,97,14,68,21,,1
6,7,3,11,2,10,3,1,0,26,0,43,20,,0
6,7,3,11,2,10,3,1,1,26,0,43,20,,0
1,3,69,11,4,9,0,1,0,64,8,1,34,,1
1,3,69,11,4,9,0,1,1,64,8,1,34,,1
6,0,64,11,1,6,1,3,0,79,3,76,24,,1
6,0,64,11,1,6,1,3,1,79,3,76,24,,1
5,2,5,9,2,6,4,0,0,85,35,16,32,,0
5,2,5,9,2,6,4,0,1,85,35,16,32,,0
2,6,11,6,2,12,5,2,0,75,35,75,9,,1
2,6,11,6,2,12,5,2,1,75,35,75,9,,1
5,1,9,3,1,1,2,0,0,43,2,34,10,,0
5,1,9,3,1,1,2,0,1,43,2,34,10,,0
4,0,46,12,1,7,4,3,0,48,11,34,6,,0
4,0,46,12,1,7,4,3,1,48,11,34,6,,0
9,5,65,10,2,11,0,4,0,5,9,39,27,,1
9,5,65,10,2,11,0,4,1,5,9,39,27,,1
8,4,24,1,4,1,1,1,0,14,17,42,15,,1
8,4,24,1,4,1,1,1,1,14,17,42,15,,1
9,5,18,13,3,10,2,0,0,63,4,77,5,,1
9,5,18,13,3,10,2,0,1,63,4,77,5,,1
9,7,17,9,6,5,3,2,0,60,33,61,4,,1
9,7,17,9,6,5,3,2,1,60,33,61,4,,1
4,6,19,7,1,1,0,0,0,72,17,64,21,,1
4,6,19,7,1,1,0,0,1,72,17,64,21,,1
8,3,36,10,0,8,3,2,0,12,28,17,30,,1
8,3,36,10,0,8,3,2,1,12,28,17,30,,1
6,5,22,1,3,1,3,3,0,32,16,26,21,,1
6,5,22,1,3,1,3,3,1,32,16,26,21,,1
8,4,69,5,2,13,5,1,0,86,24,22,5,,0
8,4,69,5,2,13,5,1,1,86,24,22,5,,0
0,6,21,4,3,2,2,2,0,95,12,2,28,,1
0,6,21,4,3,2,2,2,1,95,12,2,28,,1
1,0,6,6,1,10,1,2,0,17,14,42,4,,1
1,0,6,6,1,10,1,2,1,17,14,42,4,,1
9,6,29,4,4,13,3,3,0,4,5,49,10,,1
9,6,29,4,4,13,3,3,1,4,5,49,10,,1
5,2,23,14,3,8,2,1,0,1,15,86,27,,1
5,2,23,14,3,8,2,1,1,1,15,86,27,,1
1,4,17,12,2,10,2,2,0,48,0,26,11,,0
1,4,17,12,2,10,2,2,1,48,0,26,11,,0
1,4,44,6,2,10,5,3,0,1,35,62,36,,1
1,4,44,6,2,10,5,3,1,1,35,62,36,,1
6,4,54,9,1,2,5,4,0,56,21,52,12,,1
6,4,54,9,1,2,5,4,1,56,21,52,12,,1
7,1,26,10,6,0,2,2,0,20,31,44,24,,1
7,1,26,10,6,0,2,2,1,20,31,44,24,,1
4,5,66,2,5,7,1,0,0,93,36,66,38,,1
4,5,66,2,5,7,1,0,1,93,36,66,38,,1
4,1,68,10,6,3,1,0,0,87,9,43,5,,0
4,1,68,10,6,3,1,0,1,87,9,43,5,,0
6,5,50,13,4,2,2,4,0,27,36,27,6,,0
6,5,50,13,4,2,2,4,1,27,36,27,6,,0
6,5,20,13,4,4,5,0,0,52,21,30,31,,1
6,5,20,13,4,4,5,0,1,52,21,30,31,,1
4,0,59,10,0,10,5,1,0,34,32,71,33,,1
4,0,59,10,0,10,5,1,1,34,32,71,33,,1
5,5,25,1,2,9,4,4,0,53,18,15,33,,1
5,5,25,1,2,9,4,4,1,53,18,15,33,,1
8,7,59,10,2,1,0,3,0,30,8,64,30,,1
8,7,59,10,2,1,0,3,1,30,8,64,30,,1
8,0,25,14,4,9,3,1,0,47,32,93,39,,1
8,0,25,14,4,9,3,1,1,47,32,93,39,,1
1,6,10,14,1,0,0,2,0,79,20,21,26,,1
1,6,10,14,1,0,0,2,1,79,20,21,26,,1
1,0,63,11,1,7,2,0,0,44,39,50,18,,1
1,0,63,11,1,7,2,0,1,44,39,50,18,,1
7,4,63,14,4,7,0,1,0,21,18,32,3,,1
7,4,63,14,4,7,0,1,1,21,18,32,3,,1
6,1,19,6,2,0,1,1,0,22,17,99,35,,1
6,1,19,6,2,0,1,1,1,22,17,99,35,,1
3,4,20,15,0,12,3,3,0,70,27,13,7,,1
3,4,20,15,0,12,3,3,1,70,27,13,7,,1
1,5,58,1,0,12,3,4,0,73,39,89,7,,1
1,5,58,1,0,12,3,4,1,73,39,89,7,,1
1,0,26,7,6,12,4,4,0,99,8,32,2,,0
1,0,26,7,6,12,4,4,1,99,8,32,2,,0
1,1,33,5,6,4,4,4,0,63,30,75,3,,1
1,1,33,5,6,4,4,4,1,63,30,75,3,,1
9,2,23,8,4,9,2,2,0,42,22,18,11,,1
9,2,23,8,4,9,2,2,1,42,22,18,11,,1
7,4,66,0,6,10,4,2,0,81,17,62,37,,1
7,4,66,0,6,10,4,2,1,81,17,62,37,,1
9,5,24,8,6,1,1,3,0,64,7,64,37,,1
9,5,24,8,6,1,1,3,1,64,7,64,37,,1
6,6,56,0,5,1,5,4,0,23,10,54,4,,1
6,6,56,0,5,1,5,4,1,23,10,54,4,,1
6,4,53,11,4,3,1,0,0,7,29,53,7,,1
6,4,53,11,4,3,1,0,1,7,29,53,7,,1
1,7,31,14,5,13,5,0,0,80,18,39,18,,1
1,7,31,14,5,13,5,0,1,80,18,39,18,,1
3,7,23,11,6,13,2,1,0,83,34,82,16,,1
3,7,23,11,6,13,2,1,1,83,34,82,16,,1
4,5,58,4,3,11,0,1,0,42,35,35,15,,1
4,5,58,4,3,11,0,1,1,42,35,35,15,,1
1,4,34,14,4,1,5,3,0,49,6,93,1,,0
1,4,34,14,4,1,5,3,1,49,6,93,1,,0
1,5,56,15,1,2,1,4,0,47,34,9,38,,1
1,5,56,15,1,2,1,4,1,47,34,9,38,,1
3,1,18,8,1,11,1,0,0,16,11,56,13,,1
3,1,18,8,1,11,1,0,1,16,11,56,13,,1
2,1,65,13,3,5,5,3,0,96,1,79,26,,1
2,1,65,13,3,5,5,3,1,96,1,79,26,,1
3,3,53,13,4,9,5,0,0,5,34,19,21,,1
3,3,53,13,4,9,5,0,1,5,34,19,21,,1
2,4,3,6,1,6,3,0,0,52,26,81,9,,1
2,4,3,6,1,6,3,0,1,52,26,81,9,,1
5,6,4,8,0,12,1,1,0,93,32,10,29,,1
5,6,4,8,0,12,1,1,1,93,32,10,29,,1
1,0,61,1,5,9,0,3,0,27,5,44,7,,1
1,0,61,1,5,9,0,3,1,27,5,44,7,,1
3,2,66,9,3,8,2,2,0,51,32,56,22,,1
3,2,66,9,3,8,2,2,1,51,32,56,22,,1
0,0,45,6,2,0,2,1,0,93,16,18,23,,1
0,0,45,6,2,0,2,1,1,93,16,18,23,,1
9,4,69,5,0,0,4,0,0,98,2,3,34,,1
9,4,69,5,0,0,4,0,1,98,2,3,34,,1
7,6,42,2,4,13,2,0,0,22,25,82,28,,1
7,6,42,2,4,13,2,0,1,22,25,82,28,,1
5,4,44,10,1,11,2,1,0,97,19,8,39,,1
5,4,44,10,1,11,2,1,1,97,19,8,39,,1
0,4,21,12,0,7,2,1,0,69,32,11,21,,1
0,4,21,12,0,7,2,1,1,69,32,11,21,,1
7,0,45,6,5,0,5,0,0,36,1,49,25,,1
7,0,45,6,5,0,5,0,1,36,1,49,25,,1
7,7,49,5,3,12,3,3,0,30,20,51,35,,1
7,7,49,5,3,12,3,3,1,30,20,51,35,,1
3,4,44,11,5,3,1,2,0,66,4,22,10,,1
3,4,44,11,5,3,1,2,1,66,4,22,10,,1
1,3,44,15,0,1,4,3,0,67,18,14,22,,1
1,3,44,15,0,1,4,3,1,67,18,14,22,,1
7,0,28,12,1,8,1,2,0,97,21,60,14,,1
7,0,28,12,1,8,1,2,1,97,21,60,14,,1
2,3,12,13,6,4,4,4,0,33,9,29,16,,1
2,3,12,13,6,4,4,4,1,33,9,29,16,,1
1,3,51,1,4,12,1,0,0,57,31,52,29,,1
1,3,51,1,4,12,1,0,1,57,31,52,29,,1
6,0,10,14,4,4,5,4,0,52,38,55,18,,1
6,0,10,14,4,4,5,4,1,52,38,55,18,,1
9,1,18,11,3,2,3,4,0,94,30,16,32,,1
9,1,18,11,3,2,3,4,1,94,30,16,32,,1
0,3,35,15,2,7,4,2,0,40,24,26,13,,1
0,3,35,15,2,7,4,2,1,40,24,26,13,,1
6,7,49,2,5,10,5,4,0,36,3,30,27,,1
6,7,49,2,5,10,5,4,1,36,3,30,27,,1
7,7,8,4,1,0,5,0,0,12,17,0,26,,1
7,7,8,4,1,0,5,0,1,12,17,0,26,,1
5,7,62,14,3,6,5,3,0,28,22,1,35,,1
5,7,62,14,3,6,5,3,1,28,22,1,35,,1
1,7,21,8,4,4,2,0,0,70,32,24,25,,1
1,7,21,8,4,4,2,0,1,70,32,24,25,,1
1,5,48,4,4,6,4,3,0,60,34,59,2,,0
1,5,48,4,4,6,4,3,1,60,34,59,2,,0
7,6,63,5,0,7,5,4,0,14,0,66,11,,1
7,6,63,5,0,7,5,4,1,14,0,66,11,,1
9,2,45,5,2,2,5,0,0,85,39,21,18,,1
9,2,45,5,2,2,5,0,1,85,39,21,18,,1
5,6,22,10,2,12,5,4,0,16,24,97,16,,1
5,6,22,10,2,12,5,4,1,16,24,97,16,,1
0,6,65,6,1,2,1,0,0,27,3,95,4,,1
0,6,65,6,1,2,1,0,1,27,3,95,4,,1
5,7,34,5,1,3,0,3,0,72,34,60,10,,0
5,7,34,5,1,3,0,3,1,72,34,60,10,,0
9,6,30,3,6,7,2,2,0,83,7,74,22,,1
9,6,30,3,6,7,2,2,1,83,7,74,22,,1
9,0,26,7,5,12,4,1,0,38,31,73,3,,1
9,0,26,7,5,12,4,1,1,38,31,73,3,,1
3,6,69,11,5,7,5,3,0,45,35,20,18,,0
3,6,69,11,5,7,5,3,1,45,35,20,18,,0
2,7,65,13,6,0,0,3,0,1,21,17,21,,1
2,7,65,13,6,0,0,3,1,1,21,17,21,,1
9,0,14,10,3,5,0,4,0,54,14,22,30,,1
9,0,14,10,3,5,0,4,1,54,14,22,30,,1
3,1,29,12,5,4,2,4,0,19,14,63,13,,1
3,1,29,12,5,4,2,4,1,19,14,63,13,,1
0,4,0,8,0,12,1,2,0,86,28,16,36,,0
0,4,0,8,0,12,1,2,1,86,28,16,36,,0
4,4,31,2,4,13,5,0,0,53,21,79,12,,1
4,4,31,2,4,13,5,0,1,53,21,79,12,,1
1,7,13,12,5,4,3,1,0,98,18,39,4,,1
1,7,13,12,5,4,3,1,1,98,18,39,4,,1
5,1,64,8,3,8,3,0,0,92,10,85,38,,1
5,1,64,8,3,8,3,0,1,92,10,85,38,,1
1,4,34,9,5,1,5,2,0,1,12,14,27,,1
1,4,34,9,5,1,5,2,1,1,12,14,27,,1
3,0,57,6,0,12,2,1,0,6,37,19,28,,1
3,0,57,6,0,12,2,1,1,6,37,19,28,,1
6,0,24,10,0,1,0,1,0,68,32,74,35,,1
6,0,24,10,0,1,0,1,1,68,32,74,35,,1
0,3,11,11,4,3,3,4,0,6,19,63,9,,1
0,3,11,11,4,3,3,4,1,6,19,63,9,,1
1,0,54,8,3,13,5,2,0,66,13,66,29,,1
1,0,54,8,3,13,5,2,1,66,13,66,29,,1
0,6,60,13,1,10,4,4,0,98,38,53,32,,1
0,6,60,13,1,10,4,4,1,98,38,53,32,,1
6,7,43,10,4,8,5,1,0,1,35,56,26,,1
6,7,43,10,4,8,5,1,1,1,35,56,26,,1
3,4,53,1,4,1,4,3,0,36,19,48,17,,1
3,4,53,1,4,1,4,3,1,36,19,48,17,,1
8,5,56,6,3,11,4,2,0,89,13,46,27,,1
8,5,56,6,3,11,4,2,1,89,13,46,27,,1
3,0,4,10,0,4,0,3,0,10,1,37,18,,1
3,0,4,10,0,4,0,3,1,10,1,37,18,,1
5,7,18,5,0,2,5,1,0,49,7,45,8,,0
5,7,18,5,0,2,5,1,1,49,7,45,8,,0
3,7,23,1,3,1,5,4,0,94,37,3,25,,1
3,7,23,1,3,1,5,4,1,94,37,3,25,,1
4,7,40,4,3,2,2,4,0,39,29,91,31,,1
4,7,40,4,3,2,2,4,1,39,29,91,31,,1
1,3,6,15,0,11,5,2,0,31,28,44,8,,1
1,3,6,15,0,11,5,2,1,31,28,44,8,,1
3,0,54,5,4,0,3,1,0,65,19,46,27,,1
3,0,54,5,4,0,3,1,1,65,19,46,27,,1
9,6,24,15,5,8,3,4,0,72,15,53,16,,1
9,6,24,15,5,8,3,4,1,72,15,53,16,,1
8,2,20,4,1,8,2,4,0,82,16,71,32,,1
8,2,20,4,1,8,2,4,1,82,16,71,32,,1
7,3,0,1,3,7,2,1,0,78,10,17,10,,1
7,3,0,1,3,7,2,1,1,78,10,17,10,,1
0,2,68,8,0,5,2,1,0,42,1,32,21,,1
0,2,68,8,0,5,2,1,1,42,1,32,21,,1
7,1,11,9,6,11,4,0,0,76,10,49,26,,0
7,1,11,9,6,11,4,0,1,76,10,49,26,,0
6,3,58,8,6,13,1,2,0,67,29,9,38,,1
6,3,58,8,6,13,1,2,1,67,29,9,38,,1
6,5,47,10,5,11,4,1,0,34,14,9,4,,1
6,5,47,10,5,11,4,1,1,34,14,9,4,,1
6,2,29,15,0,4,5,0,0,27,34,33,35,,1
6,2,29,15,0,4,5,0,1,27,34,33,35,,1
7,1,1,11,2,8,2,3,0,77,24,66,30,,1
7,1,1,11,2,8,2,3,1,77,24,66,30,,1
4,6,1,1,2,2,0,3,0,18,26,85,29,,1
4,6,1,1,2,2,0,3,1,18,26,85,29,,1
0,0,11,11,5,13,3,3,0,55,20,86,13,,1
0,0,11,11,5,13,3,3,1,55,20,86,13,,1
3,4,15,2,6,2,0,3,0,6,13,69,29,,1
3,4,15,2,6,2,0,3,1,6,13,69,29,,1
1,2,40,3,2,10,1,3,0,37,38,21,35,,1
1,2,40,3,2,10,1,3,1,37,38,21,35,,1
5,0,55,13,5,10,2,2,0,77,27,19,7,,0
5,0,55,13,5,10,2,2,1,77,27,19,7,,0
4,7,25,11,2,5,2,3,0,21,21,54,30,,1
4,7,25,11,2,5,2,3,1,21,21,54,30,,1
2,6,31,0,4,10,4,3,0,0,12,49,18,,1
2,6,31,0,4,10,4,3,1,0,12,49,18,,1
4,1,22,5,6,0,5,3,0,52,14,19,3,,1
4,1,22,5,6,0,5,3,1,52,14,19,3,,1
9,7,47,9,6,13,0,0,0,91,13,77,20,,1
9,7,47,9,6,13,0,0,1,91,13,77,20,,1
4,3,62,12,0,1,1,1,0,68,18,78,39,,1
4,3,62,12,0,1,1,1,1,68,18,78,39,,1
8,0,5,1,1,8,5,1,0,68,29,14,18,,1
8,0,5,1,1,8,5,1,1,68,29,14,18,,1
1,7,41,14,0,10,4,0,0,8,39,71,1,,1
1,7,41,14,0,10,4,0,1,8,39,71,1,,1
3,5,27,12,4,12,0,0,0,39,26,73,24,,1
3,5,27,12,4,12,0,0,1,39,26,73,24,,1
5,0,0,7,5,9,3,3,0,68,26,85,38,,0
5,0,0,7,5,9,3,3,1,68,26,85,38,,0
5,6,37,15,5,6,1,1,0,77,14,87,14,,1
5,6,37,15,5,6,1,1,1,77,14,87,14,,1
4,1,18,14,2,7,1,0,0,38,18,89,3,,1
4,1,18,14,2,7,1,0,1,38,18,89,3,,1
0,6,47,0,3,2,1,4,0,53,9,65,6,,0
0,6,47,0,3,2,1,4,1,53,9,65,6,,0
9,0,26,5,4,4,3,3,0,82,5,97,33,,1
9,0,26,5,4,4,3,3,1,82,5,97,33,,1
1,5,12,13,3,12,4,0,0,87,38,21,15,,1
1,5,12,13,3,12,4,0,1,87,38,21,15,,1
7,7,6,0,0,1,0,0,0,13,2,15,3,,1
7,7,6,0,0,1,0,0,1,13,2,15,3,,1
6,0,53,11,6,1,2,3,0,65,38,44,31,,1
6,0,53,11,6,1,2,3,1,65,38,44,31,,1
7,3,52,6,5,11,0,1,0,69,35,45,31,,1
7,3,52,6,5,11,0,1,1,69,35,45,31,,1
1,0,7,2,1,8,4,0,0,4,5,7,22,,1
1,0,7,2,1,8,4,0,1,4,5,7,22,,1
0,6,47,10,1,0,4,4,0,98,37,9,36,,0
0,6,47,10,1,0,4,4,1,98,37,9,36,,0
2,1,40,2,3,0,5,3,0,60,37,45,13,,1
2,1,40,2,3,0,5,3,1,60,37,45,13,,1
2,0,15,14,3,5,3,3,0,77,18,22,4,,1
2,0,15,14,3,5,3,3,1,77,18,22,4,,1
7,2,40,9,3,3,0,0,0,67,37,38,26,,0
7,2,40,9,3,3,0,0,1,67,37,38,26,,0
4,4,26,1,2,4,4,3,0,12,20,94,33,,1
4,4,26,1,2,4,4,3,1,12,20,94,33,,1
5,7,37,1,0,12,5,1,0,40,24,1,13,,1
5,7,37,1,0,12,5,1,1,40,24,1,13,,1
8,3,23,1,5,10,3,3,0,18,18,46,37,,0
8,3,23,1,5,10,3,3,1,18,18,46,37,,0
6,3,24,8,5,2,0,4,0,56,16,33,25,,1
6,3,24,8,5,2,0,4,1,56,16,33,25,,1
5,7,26,8,5,2,5,1,0,34,19,73,10,,0
5,7,26,8,5,2,5,1,1,34,19,73,10,,0
1,5,43,2,0,10,0,3,0,83,21,68,6,,0
1,5,43,2,0,10,0,3,1,83,21,68,6,,0
8,4,8,0,3,2,3,3,0,49,1,1,10,,1
8,4,8,0,3,2,3,3,1,49,1,1,10,,1
