1,42,4,0,7,1,0,3,0,2,2,0,27,2,0,2,0,1,0,0,1
1,42,4,0,7,1,0,3,1,2,2,0,27,2,0,2,0,1,0,0,0
2,34,4,2,14,1,1,0,0,0,2,2,23,2,0,1,0,1,1,0,1
2,34,4,2,14,1,1,0,1,0,2,2,23,2,0,1,0,1,1,0,0
3,43,0,10,80,1,0,3,0,2,3,3,53,0,0,3,0,0,1,0,1
3,43,0,10,80,1,0,3,1,2,3,3,53,0,0,3,0,0,1,0,0
0,15,3,9,103,0,3,0,0,0,1,1,4,2,0,3,0,0,0,0,1
0,15,3,9,103,0,3,0,1,0,1,1,4,2,0,3,0,0,0,0,0
2,22,0,1,157,2,2,1,0,2,1,2,60,0,1,3,1,0,0,1,0
2,22,0,1,157,2,2,1,1,2,1,2,60,0,1,3,1,0,0,1,1
0,6,4,5,47,3,1,0,0,1,3,2,26,0,1,3,3,0,1,1,1
0,6,4,5,47,3,1,0,1,1,3,2,26,0,1,3,3,0,1,1,0
2,47,3,5,45,1,1,2,0,0,3,1,71,1,1,3,2,2,0,0,1
2,47,3,5,45,1,1,2,1,0,3,1,71,1,1,3,2,2,0,0,0
1,35,4,7,132,1,1,2,0,2,0,3,10,0,1,0,3,0,0,1,1
1,35,4,7,132,1,1,2,1,2,0,3,10,0,1,0,3,0,0,1,0
3,73,1,3,182,1,1,3,0,0,2,1,58,1,2,3,1,1,1,1,1
3,73,1,3,182,1,1,3,1,0,2,1,58,1,2,3,1,1,1,1,0
1,39,1,3,59,3,3,2,0,0,1,0,26,0,0,0,3,0,0,1,1
1,39,1,3,59,3,3,2,1,0,1,0,26,0,0,0,3,0,0,1,0
2,68,0,0,165,0,1,3,0,1,1,3,21,0,0,2,2,1,1,1,1
2,68,0,0,165,0,1,3,1,1,1,3,21,0,0,2,2,1,1,1,0
0,41,0,1,95,3,1,0,0,1,3,0,30,0,0,0,1,1,1,1,0
0,41,0,1,95,3,1,0,1,1,3,0,30,0,0,0,1,1,1,1,1
1,14,0,9,145,2,0,3,0,0,2,3,65,0,2,1,1,0,0,1,1
1,14,0,9,145,2,0,3,1,0,2,3,65,0,2,1,1,0,0,1,0
1,52,2,6,107,4,1,1,0,2,0,1,69,1,0,1,2,1,1,0,1
1,52,2,6,107,4,1,1,1,2,0,1,69,1,0,1,2,1,1,0,0
1,27,3,5,156,4,1,3,0,2,1,3,71,1,2,2,1,2,0,1,1
1,27,3,5,156,4,1,3,1,2,1,3,71,1,2,2,1,2,0,1,0
1,46,2,10,162,3,2,0,0,1,2,3,19,0,2,2,3,1,1,0,1
1,46,2,10,162,3,2,0,1,1,2,3,19,0,2,2,3,1,1,0,0
2,43,0,5,1,3,3,3,0,2,3,2,38,0,0,0,1,1,0,0,0
2,43,0,5,1,3,3,3,1,2,3,2,38,0,0,0,1,1,0,0,1
2,44,2,4,8,3,2,0,0,1,0,1,73,1,2,3,0,0,1,0,1
2,44,2,4,8,3,2,0,1,1,0,1,73,1,2,3,0,0,1,0,0
1,36,3,0,71,1,3,3,0,1,2,3,28,1,1,2,3,0,1,0,0
1,36,3,0,71,1,3,3,1,1,2,3,28,1,1,2,3,0,1,0,1
0,24,2,7,0,2,4,3,0,0,1,1,28,0,1,2,2,0,0,0,0
0,24,2,7,0,2,4,3,1,0,1,1,28,0,1,2,2,0,0,0,1
0,47,0,3,40,2,3,2,0,0,0,2,9,0,2,0,1,2,1,0,0
0,47,0,3,40,2,3,2,1,0,0,2,9,0,2,0,1,2,1,0,1
0,16,1,0,115,1,2,1,0,0,2,0,68,2,1,3,3,0,1,1,0
0,16,1,0,115,1,2,1,1,0,2,0,68,2,1,3,3,0,1,1,1
0,54,0,9,188,1,4,2,0,1,3,0,0,1,1,1,3,1,0,0,0
0,54,0,9,188,1,4,2,1,1,3,0,0,1,1,1,3,1,0,0,1
3,61,3,8,40,3,2,1,0,0,0,2,51,0,1,2,0,1,1,1,1
3,61,3,8,40,3,2,1,1,0,0,2,51,0,1,2,0,1,1,1,0
2,10,2,6,21,1,3,2,0,1,3,2,3,1,0,1,2,2,1,0,0
2,10,2,6,21,1,3,2,1,1,3,2,3,1,0,1,2,2,1,0,1
1,61,2,0,57,4,4,1,0,0,2,2,36,1,0,2,3,1,1,0,1
1,61,2,0,57,4,4,1,1,0,2,2,36,1,0,2,3,1,1,0,1
3,31,2,2,186,4,2,3,0,0,2,2,70,0,1,2,3,0,1,0,1
3,31,2,2,186,4,2,3,1,0,2,2,70,0,1,2,3,0,1,0,1
3,51,3,1,63,0,1,3,0,2,3,0,21,2,1,2,2,0,0,0,0
3,51,3,1,63,0,1,3,1,2,3,0,21,2,1,2,2,0,0,0,0
3,10,1,0,94,0,4,0,0,0,0,2,48,1,2,1,3,1,1,1,1
3,10,1,0,94,0,4,0,1,0,0,2,48,1,2,1,3,1,1,1,1
1,61,2,4,88,3,2,3,0,0,2,0,34,1,1,1,3,1,0,1,1
1,61,2,4,88,3,2,3,1,0,2,0,34,1,1,1,3,1,0,1,1
3,1,1,6,22,3,0,0,0,2,0,1,64,0,1,3,1,1,0,1,1
3,1,1,6,22,3,0,0,1,2,0,1,64,0,1,3,1,1,0,1,1
2,67,3,7,135,4,0,1,0,0,1,3,57,1,1,2,1,1,1,0,1
2,67,3,7,135,4,0,1,1,0,1,3,57,1,1,2,1,1,1,0,1
2,15,4,5,21,1,2,3,0,0,2,2,11,0,2,3,3,0,1,0,1
2,15,4,5,21,1,2,3,1,0,2,2,11,0,2,3,3,0,1,0,1
0,23,2,8,10,4,1,3,0,1,1,1,34,2,0,2,3,2,0,1,1
0,23,2,8,10,4,1,3,1,1,1,1,34,2,0,2,3,2,0,1,1
0,56,3,0,74,2,2,3,0,0,3,0,1,2,0,2,1,1,0,0,1
0,56,3,0,74,2,2,3,1,0,3,0,1,2,0,2,1,1,0,0,1
2,24,0,5,14,4,2,0,0,1,2,2,30,2,0,0,3,2,1,0,1
2,24,0,5,14,4,2,0,1,1,2,2,30,2,0,0,3,2,1,0,1
1,36,0,7,18,3,2,0,0,2,0,0,32,1,0,0,1,0,1,0,1
1,36,0,7,18,3,2,0,1,2,0,0,32,1,0,0,1,0,1,0,1
1,19,1,4,52,0,4,1,0,2,2,2,30,2,2,1,1,0,0,1,0
1,19,1,4,52,0,4,1,1,2,2,2,30,2,2,1,1,0,0,1,0
1,3,2,8,96,2,0,0,0,2,2,0,0,2,1,0,0,1,0,0,0
1,3,2,8,96,2,0,0,1,2,2,0,0,2,1,0,0,1,0,0,0
0,55,1,3,12,2,4,3,0,1,2,1,44,2,2,0,2,2,0,1,1
0,55,1,3,12,2,4,3,1,1,2,1,44,2,2,0,2,2,0,1,1
2,46,2,1,3,3,0,2,0,0,3,3,11,2,2,1,1,0,1,1,1
2,46,2,1,3,3,0,2,1,0,3,3,11,2,2,1,1,0,1,1,1
3,57,1,8,190,4,0,0,0,0,0,3,48,1,1,3,0,0,0,1,1
3,57,1,8,190,4,0,0,1,0,0,3,48,1,1,3,0,0,0,1,1
1,74,0,8,157,1,0,1,0,0,0,1,59,0,0,2,3,2,1,1,1
1,74,0,8,157,1,0,1,1,0,0,1,59,0,0,2,3,2,1,1,1
1,45,4,9,115,2,2,3,0,1,0,3,53,1,0,0,2,0,1,0,0
1,45,4,9,115,2,2,3,1,1,0,3,53,1,0,0,2,0,1,0,0
0,20,4,7,106,2,1,0,0,2,1,1,50,0,0,1,1,0,0,0,1
0,20,4,7,106,2,1,0,1,2,1,1,50,0,0,1,1,0,0,0,1
2,33,2,6,59,3,4,3,0,2,0,1,16,1,2,3,3,0,0,0,0
2,33,2,6,59,3,4,3,1,2,0,1,16,1,2,3,3,0,0,0,0
1,52,1,1,197,3,3,2,0,1,1,0,35,0,0,1,1,1,0,1,1
1,52,1,1,197,3,3,2,1,1,1,0,35,0,0,1,1,1,0,1,1
0,49,2,1,164,2,0,1,0,0,2,0,60,2,1,1,1,2,0,0,1
0,49,2,1,164,2,0,1,1,0,2,0,60,2,1,1,1,2,0,0,1
2,54,1,8,3,2,2,2,0,0,3,3,38,0,0,3,0,2,1,1,1
2,54,1,8,3,2,2,2,1,0,3,3,38,0,0,3,0,2,1,1,1
1,48,2,6,81,0,4,0,0,0,3,2,29,1,0,3,0,0,0,1,1
1,48,2,6,81,0,4,0,1,0,3,2,29,1,0,3,0,0,0,1,1
0,15,0,1,46,4,0,0,0,1,3,0,2,1,1,2,3,2,1,0,1
0,15,0,1,46,4,0,0,1,1,3,0,2,1,1,2,3,2,1,0,1
1,8,2,1,132,2,4,1,0,0,2,1,50,1,1,2,1,2,1,0,1
1,8,2,1,132,2,4,1,1,0,2,1,50,1,1,2,1,2,1,0,1
3,18,4,1,178,3,3,2,0,0,0,3,7,2,1,2,1,0,0,1,1
3,18,4,1,178,3,3,2,1,0,0,3,7,2,1,2,1,0,0,1,1
1,56,4,5,62,1,4,0,0,2,3,1,74,1,0,2,3,2,1,0,0
1,56,4,5,62,1,4,0,1,2,3,1,74,1,0,2,3,2,1,0,0
2,48,3,1,151,0,1,3,0,1,3,1,47,2,1,1,0,2,1,0,1
2,48,3,1,151,0,1,3,1,1,3,1,47,2,1,1,0,2,1,0,1
2,48,0,1,92,1,3,3,0,0,1,0,25,1,1,2,2,0,0,0,0
2,48,0,1,92,1,3,3,1,0,1,0,25,1,1,2,2,0,0,0,0
0,49,4,1,110,3,4,3,0,1,2,2,35,0,2,0,2,0,0,1,1
0,49,4,1,110,3,4,3,1,1,2,2,35,0,2,0,2,0,0,1,1
0,34,3,9,41,3,0,2,0,0,1,0,6,1,0,0,1,2,0,0,1
0,34,3,9,41,3,0,2,1,0,1,0,6,1,0,0,1,2,0,0,1
0,78,0,9,14,2,0,3,0,1,1,3,65,0,2,0,1,0,0,1,1
0,78,0,9,14,2,0,3,1,1,1,3,65,0,2,0,1,0,0,1,1
2,41,4,0,167,4,2,3,0,0,3,0,9,1,0,3,3,2,1,1,1
2,41,4,0,167,4,2,3,1,0,3,0,9,1,0,3,3,2,1,1,1
0,55,4,8,161,1,3,2,0,2,2,1,15,1,2,1,0,1,0,0,1
0,55,4,8,161,1,3,2,1,2,2,1,15,1,2,1,0,1,0,0,1
1,2,0,5,146,3,2,3,0,1,2,3,47,0,0,1,2,2,0,1,1
1,2,0,5,146,3,2,3,1,1,2,3,47,0,0,1,2,2,0,1,1
2,75,0,4,60,3,3,0,0,2,0,3,10,2,2,0,2,2,1,1,1
2,75,0,4,60,3,3,0,1,2,0,3,10,2,2,0,2,2,1,1,1
1,13,1,2,95,2,2,3,0,2,1,3,67,0,2,3,2,0,1,0,0
1,13,1,2,95,2,2,3,1,2,1,3,67,0,2,3,2,0,1,0,0
3,74,0,9,198,0,0,1,0,0,0,1,54,0,0,2,2,1,0,0,1
3,74,0,9,198,0,0,1,1,0,0,1,54,0,0,2,2,1,0,0,1
0,1,3,9,183,3,1,3,0,1,1,1,4,1,1,3,0,2,0,0,1
0,1,3,9,183,3,1,3,1,1,1,1,4,1,1,3,0,2,0,0,1
3,17,2,4,164,0,2,1,0,2,2,1,31,1,2,3,1,0,0,1,1
3,17,2,4,164,0,2,1,1,2,2,1,31,1,2,3,1,0,0,1,1
1,31,2,0,39,2,4,2,0,1,2,3,28,1,2,3,1,1,1,0,1
1,31,2,0,39,2,4,2,1,1,2,3,28,1,2,3,1,1,1,0,1
3,13,0,7,19,2,1,2,0,1,3,3,40,2,0,0,3,0,1,0,1
3,13,0,7,19,2,1,2,1,1,3,3,40,2,0,0,3,0,1,0,1
1,72,1,6,56,2,0,3,0,1,3,2,34,2,1,0,0,2,0,1,1
1,72,1,6,56,2,0,3,1,1,3,2,34,2,1,0,0,2,0,1,1
1,72,3,4,124,0,0,1,0,2,0,0,10,1,2,0,0,2,1,0,1
1,72,3,4,124,0,0,1,1,2,0,0,10,1,2,0,0,2,1,0,1
2,36,2,4,8,4,1,0,0,0,2,2,58,1,0,1,1,1,0,0,1
2,36,2,4,8,4,1,0,1,0,2,2,58,1,0,1,1,1,0,0,1
0,72,2,4,171,1,2,2,0,0,1,2,15,1,0,3,1,2,1,1,1
0,72,2,4,171,1,2,2,1,0,1,2,15,1,0,3,1,2,1,1,1
3,22,0,7,81,2,0,3,0,1,1,1,71,0,0,3,2,2,1,0,1
3,22,0,7,81,2,0,3,1,1,1,1,71,0,0,3,2,2,1,0,1
3,70,0,0,5,3,0,3,0,0,0,1,10,2,1,3,2,1,0,1,1
3,70,0,0,5,3,0,3,1,0,0,1,10,2,1,3,2,1,0,1,1
0,21,4,6,50,3,3,0,0,2,2,0,74,1,1,2,1,1,1,0,0
0,21,4,6,50,3,3,0,1,2,2,0,74,1,1,2,1,1,1,0,0
0,59,3,7,32,0,4,3,0,2,0,3,56,1,0,0,3,1,0,1,1
0,59,3,7,32,0,4,3,1,2,0,3,56,1,0,0,3,1,0,1,1
2,21,2,7,9,1,4,0,0,1,2,2,20,0,0,1,3,1,1,1,1
2,21,2,7,9,1,4,0,1,1,2,2,20,0,0,1,3,1,1,1,1
0,34,1,10,101,4,4,3,0,0,3,1,13,2,1,2,1,2,0,0,0
0,34,1,10,101,4,4,3,1,0,3,1,13,2,1,2,1,2,0,0,0
0,10,2,1,40,1,1,2,0,1,3,3,69,2,1,2,2,2,1,0,0
0,10,2,1,40,1,1,2,1,1,3,3,69,2,1,2,2,2,1,0,0
2,68,4,10,146,0,2,3,0,2,0,0,43,0,0,0,1,2,1,0,1
2,68,4,10,146,0,2,3,1,2,0,0,43,0,0,0,1,2,1,0,1
1,58,1,1,55,1,1,0,0,0,2,2,1,1,1,1,0,0,1,1,0
1,58,1,1,55,1,1,0,1,0,2,2,1,1,1,1,0,0,1,1,0
1,76,0,5,163,4,3,0,0,2,3,1,31,0,1,1,1,2,0,0,1
1,76,0,5,163,4,3,0,1,2,3,1,31,0,1,1,1,2,0,0,1
0,61,1,10,57,2,2,1,0,1,3,2,69,0,1,2,3,0,1,0,1
0,61,1,10,57,2,2,1,1,1,3,2,69,0,1,2,3,0,1,0,1
3,44,1,1,129,3,3,2,0,0,0,2,18,0,2,0,1,1,1,1,0
3,44,1,1,129,3,3,2,1,0,0,2,18,0,2,0,1,1,1,1,0
3,54,2,7,140,3,3,2,0,2,0,2,68,2,2,3,3,2,0,1,0
3,54,2,7,140,3,3,2,1,2,0,2,68,2,2,3,3,2,0,1,0
3,44,2,10,175,2,2,3,0,2,3,3,37,2,2,0,2,0,0,0,1
3,44,2,10,175,2,2,3,1,2,3,3,37,2,2,0,2,0,0,0,1
3,19,0,2,67,1,3,0,0,0,0,0,58,0,2,2,0,0,0,1,0
3,19,0,2,67,1,3,0,1,0,0,0,58,0,2,2,0,0,0,1,0
1,29,2,5,143,2,2,3,0,1,1,3,60,2,1,1,0,1,0,1,0
1,29,2,5,143,2,2,3,1,1,1,3,60,2,1,1,0,1,0,1,0
3,59,2,1,33,1,1,3,0,2,1,0,23,0,0,1,3,2,1,0,1
3,59,2,1,33,1,1,3,1,2,1,0,23,0,0,1,3,2,1,0,1
3,6,0,2,59,2,3,1,0,2,0,3,27,0,0,1,2,0,1,0,0
3,6,0,2,59,2,3,1,1,2,0,3,27,0,0,1,2,0,1,0,0
2,13,4,8,173,3,4,0,0,0,1,1,62,2,0,2,3,0,0,0,1
2,13,4,8,173,3,4,0,1,0,1,1,62,2,0,2,3,0,0,0,1
2,4,0,6,188,1,0,1,0,2,3,0,23,2,0,2,1,0,1,0,1
2,4,0,6,188,1,0,1,1,2,3,0,23,2,0,2,1,0,1,0,1
1,47,3,3,140,2,0,3,0,0,1,3,26,0,0,0,3,2,0,0,0
1,47,3,3,140,2,0,3,1,0,1,3,26,0,0,0,3,2,0,0,0
0,77,2,10,151,0,3,0,0,2,1,0,54,0,2,3,2,2,0,0,1
0,77,2,10,151,0,3,0,1,2,1,0,54,0,2,3,2,2,0,0,1
0,34,2,0,99,4,4,1,0,2,1,2,63,1,2,0,1,2,0,1,0
0,34,2,0,99,4,4,1,1,2,1,2,63,1,2,0,1,2,0,1,0
2,25,3,7,44,2,3,0,0,1,1,2,0,2,1,0,1,1,0,1,1
2,25,3,7,44,2,3,0,1,1,1,2,0,2,1,0,1,1,0,1,1
2,29,3,10,76,3,0,2,0,0,0,1,15,0,0,1,2,0,0,1,0
2,29,3,10,76,3,0,2,1,0,0,1,15,0,0,1,2,0,0,1,0
2,50,1,6,175,2,0,1,0,0,2,1,14,1,1,2,2,1,1,1,1
2,50,1,6,175,2,0,1,1,0,2,1,14,1,1,2,2,1,1,1,1
1,51,4,2,142,3,3,3,0,0,0,3,24,1,1,2,3,2,1,1,1
1,51,4,2,142,3,3,3,1,0,0,3,24,1,1,2,3,2,1,1,1
1,57,1,6,148,3,3,1,0,2,1,3,28,0,0,2,3,2,0,0,0
1,57,1,6,148,3,3,1,1,2,1,3,28,0,0,2,3,2,0,0,0
3,1,0,7,159,1,3,3,0,1,3,2,8,2,0,0,3,0,0,0,0
3,1,0,7,159,1,3,3,1,1,3,2,8,2,0,0,3,0,0,0,0
2,18,0,7,4,1,2,3,0,2,0,1,68,1,2,3,1,1,0,0,1
2,18,0,7,4,1,2,3,1,2,0,1,68,1,2,3,1,1,0,0,1
3,25,0,3,1,4,3,3,0,2,3,3,39,0,0,1,2,1,0,0,1
3,25,0,3,1,4,3,3,1,2,3,3,39,0,0,1,2,1,0,0,1
1,78,1,9,35,4,1,2,0,0,1,2,72,1,1,2,0,0,1,1,1
1,78,1,9,35,4,1,2,1,0,1,2,72,1,1,2,0,0,1,1,1
1,12,2,8,102,2,1,2,0,1,1,2,37,2,0,1,2,1,0,0,0
1,12,2,8,102,2,1,2,1,1,1,2,37,2,0,1,2,1,0,0,0
0,31,0,7,193,1,4,0,0,1,1,2,27,2,2,3,0,0,0,1,1
0,31,0,7,193,1,4,0,1,1,1,2,27,2,2,3,0,0,0,1,1
2,34,0,9,97,3,3,1,0,0,3,3,21,0,0,2,1,0,0,0,1
2,34,0,9,97,3,3,1,1,0,3,3,21,0,0,2,1,0,0,0,1
3,0,0,4,111,3,0,2,0,1,1,1,53,1,2,0,1,1,0,0,1
3,0,0,4,111,3,0,2,1,1,1,1,53,1,2,0,1,1,0,0,1
2,61,1,5,13,0,2,2,0,0,0,0,3,2,2,0,2,0,0,0,1
2,61,1,5,13,0,2,2,1,0,0,0,3,2,2,0,2,0,0,0,1
3,71,1,10,67,2,4,1,0,0,2,3,43,0,0,2,0,1,0,1,0
3,71,1,10,67,2,4,1,1,0,2,3,43,0,0,2,0,1,0,1,0
3,67,1,0,157,1,2,1,0,1,0,2,38,1,2,3,2,1,0,1,1
3,67,1,0,157,1,2,1,1,1,0,2,38,1,2,3,2,1,0,1,1
3,44,2,10,22,4,1,2,0,0,1,3,18,2,2,0,1,1,0,1,1
3,44,2,10,22,4,1,2,1,0,1,3,18,2,2,0,1,1,0,1,1
1,77,0,8,140,1,4,3,0,0,2,1,27,0,0,2,2,0,0,0,0
1,77,0,8,140,1,4,3,1,0,2,1,27,0,0,2,2,0,0,0,0
1,62,0,4,101,3,4,2,0,0,0,1,26,0,1,3,1,0,0,0,0
1,62,0,4,101,3,4,2,1,0,0,1,26,0,1,3,1,0,0,0,0
2,58,2,8,143,3,1,0,0,1,0,0,49,1,1,0,3,1,0,0,0
2,58,2,8,143,3,1,0,1,1,0,0,49,1,1,0,3,1,0,0,0
2,72,3,6,139,1,0,3,0,0,0,1,41,0,0,1,1,0,1,0,1
2,72,3,6,139,1,0,3,1,0,0,1,41,0,0,1,1,0,1,0,1
3,28,3,3,68,4,2,3,0,1,0,0,4,0,0,0,2,0,0,0,0
3,28,3,3,68,4,2,3,1,1,0,0,4,0,0,0,2,0,0,0,0
0,68,3,3,24,0,3,1,0,1,1,0,16,0,1,0,1,1,1,1,1
0,68,3,3,24,0,3,1,1,1,1,0,16,0,1,0,1,1,1,1,1
0,77,2,5,180,1,0,3,0,0,3,0,4,1,0,2,2,0,1,1,1
0,77,2,5,180,1,0,3,1,0,3,0,4,1,0,2,2,0,1,1,1
0,53,0,0,92,3,0,0,0,0,1,3,52,0,0,3,0,0,0,0,0
0,53,0,0,92,3,0,0,1,0,1,3,52,0,0,3,0,0,0,0,0
2,49,2,8,83,3,1,2,0,1,1,0,33,0,1,0,2,0,1,0,0
2,49,2,8,83,3,1,2,1,1,1,0,33,0,1,0,2,0,1,0,0
3,4,3,6,82,2,3,0,0,0,1,0,16,0,1,2,2,0,1,1,0
3,4,3,6,82,2,3,0,1,0,1,0,16,0,1,2,2,0,1,1,0
3,55,1,7,166,1,1,1,0,2,3,1,17,1,2,1,0,1,0,0,1
3,55,1,7,166,1,1,1,1,2,3,1,17,1,2,1,0,1,0,0,1
1,59,3,1,165,2,2,3,0,1,2,3,51,0,0,2,3,1,1,1,1
1,59,3,1,165,2,2,3,1,1,2,3,51,0,0,2,3,1,1,1,1
3,55,1,7,129,1,4,2,0,0,2,0,69,2,1,1,1,0,1,0,0
3,55,1,7,129,1,4,2,1,0,2,0,69,2,1,1,1,0,1,0,0
0,31,0,6,52,4,2,1,0,1,3,1,47,2,0,3,1,0,0,1,0
0,31,0,6,52,4,2,1,1,1,3,1,47,2,0,3,1,0,0,1,0
1,27,2,6,26,3,2,3,0,2,3,1,60,0,1,2,0,1,0,0,1
1,27,2,6,26,3,2,3,1,2,3,1,60,0,1,2,0,1,0,0,1
1,19,4,3,54,4,1,0,0,1,0,2,40,1,2,0,3,1,1,0,1
1,19,4,3,54,4,1,0,1,1,0,2,40,1,2,0,3,1,1,0,1
2,31,1,0,183,1,2,0,0,0,1,2,28,1,0,3,0,0,0,1,1
2,31,1,0,183,1,2,0,1,0,1,2,28,1,0,3,0,0,0,1,1
1,77,4,4,121,4,4,0,0,1,2,0,19,1,2,3,1,2,1,1,1
1,77,4,4,121,4,4,0,1,1,2,0,19,1,2,3,1,2,1,1,1
3,30,2,2,38,2,3,3,0,0,1,1,30,2,2,2,2,2,0,0,1
3,30,2,2,38,2,3,3,1,0,1,1,30,2,2,2,2,2,0,0,1
0,17,4,6,139,0,3,2,0,0,0,0,18,2,0,3,3,0,0,1,1
0,17,4,6,139,0,3,2,1,0,0,0,18,2,0,3,3,0,0,1,1
1,31,3,9,151,1,4,0,0,1,2,0,61,0,2,3,0,2,0,1,1
1,31,3,9,151,1,4,0,1,1,2,0,61,0,2,3,0,2,0,1,1
1,78,0,8,78,3,0,3,0,1,2,0,24,2,1,1,3,0,0,1,1
1,78,0,8,78,3,0,3,1,1,2,0,24,2,1,1,3,0,0,1,1
3,75,0,9,19,2,4,3,0,1,3,2,59,0,1,0,3,1,1,1,1
3,75,0,9,19,2,4,3,1,1,3,2,59,0,1,0,3,1,1,1,1
0,72,3,7,190,3,3,3,0,1,1,0,58,2,0,0,2,0,0,0,1
0,72,3,7,190,3,3,3,1,1,1,0,58,2,0,0,2,0,0,0,1
2,20,3,3,116,0,2,0,0,1,2,3,45,0,2,1,0,0,0,1,1
2,20,3,3,116,0,2,0,1,1,2,3,45,0,2,1,0,0,0,1,1
0,13,3,7,167,2,3,3,0,0,3,3,73,0,2,2,2,0,1,0,1
0,13,3,7,167,2,3,3,1,0,3,3,73,0,2,2,2,0,1,0,1
3,62,0,4,110,0,1,0,0,2,0,2,41,2,2,2,2,1,1,1,1
3,62,0,4,110,0,1,0,1,2,0,2,41,2,2,2,2,1,1,1,1
0,40,2,0,119,3,2,1,0,1,1,3,35,2,0,1,2,2,1,1,0
0,40,2,0,119,3,2,1,1,1,1,3,35,2,0,1,2,2,1,1,0
0,42,1,3,31,1,4,2,0,1,1,0,34,2,1,2,1,2,0,1,1
0,42,1,3,31,1,4,2,1,1,1,0,34,2,1,2,1,2,0,1,1
0,67,2,5,108,4,0,3,0,2,2,1,44,0,1,2,3,0,0,1,1
0,67,2,5,108,4,0,3,1,2,2,1,44,0,1,2,3,0,0,1,1
1,30,3,0,40,0,3,0,0,2,3,1,19,0,2,0,0,0,0,1,1
1,30,3,0,40,0,3,0,1,2,3,1,19,0,2,0,0,0,0,1,1
2,45,4,5,22,3,2,3,0,0,3,0,38,2,1,2,0,2,0,1,1
2,45,4,5,22,3,2,3,1,0,3,0,38,2,1,2,0,2,0,1,1
0,36,0,4,74,0,1,1,0,0,2,2,36,0,1,2,0,1,1,0,1
0,36,0,4,74,0,1,1,1,0,2,2,36,0,1,2,0,1,1,0,1
2,7,1,3,21,1,3,2,0,1,1,2,70,0,2,0,1,1,1,1,1
2,7,1,3,21,1,3,2,1,1,1,2,70,0,2,0,1,1,1,1,1
2,4,4,0,92,0,0,2,0,0,1,0,32,1,2,0,0,1,1,1,0
2,4,4,0,92,0,0,2,1,0,1,0,32,1,2,0,0,1,1,1,0
1,60,0,9,128,3,3,2,0,1,3,0,59,0,0,1,3,2,0,0,1
1,60,0,9,128,3,3,2,1,1,3,0,59,0,0,1,3,2,0,0,1
3,2,0,7,77,2,2,3,0,2,0,0,64,2,2,3,0,2,0,1,1
3,2,0,7,77,2,2,3,1,2,0,0,64,2,2,3,0,2,0,1,1
0,27,1,2,154,4,0,0,0,1,3,1,9,0,1,1,3,2,1,0,1
0,27,1,2,154,4,0,0,1,1,3,1,9,0,1,1,3,2,1,0,1
1,11,0,2,169,3,4,0,0,0,0,3,30,0,0,3,1,1,1,0,1
1,11,0,2,169,3,4,0,1,0,0,3,30,0,0,3,1,1,1,0,1
1,71,0,6,195,2,0,0,0,0,1,0,33,2,0,0,1,0,1,1,1
1,71,0,6,195,2,0,0,1,0,1,0,33,2,0,0,1,0,1,1,1
2,54,2,5,113,0,4,3,0,1,0,0,72,0,0,3,3,2,1,0,0
2,54,2,5,113,0,4,3,1,1,0,0,72,0,0,3,3,2,1,0,0
3,66,1,9,24,1,1,0,0,2,2,0,65,2,2,1,2,1,1,1,1
3,66,1,9,24,1,1,0,1,2,2,0,65,2,2,1,2,1,1,1,1
0,67,0,1,94,1,2,1,0,2,3,2,54,1,1,1,2,1,1,0,1
0,67,0,1,94,1,2,1,1,2,3,2,54,1,1,1,2,1,1,0,1
1,19,2,3,13,4,1,3,0,0,0,1,21,2,0,1,0,1,1,1,1
1,19,2,3,13,4,1,3,1,0,0,1,21,2,0,1,0,1,1,1,1
1,24,2,0,51,4,1,2,0,2,2,1,26,0,1,3,0,0,0,1,1
1,24,2,0,51,4,1,2,1,2,2,1,26,0,1,3,0,0,0,1,1
2,24,4,10,68,0,2,2,0,1,2,2,58,2,0,2,2,1,1,0,0
2,24,4,10,68,0,2,2,1,1,2,2,58,2,0,2,2,1,1,0,0
0,7,1,5,67,2,3,0,0,0,1,0,51,0,2,1,3,0,1,0,0
0,7,1,5,67,2,3,0,1,0,1,0,51,0,2,1,3,0,1,0,0
3,17,3,8,146,0,3,0,0,0,2,0,30,2,2,2,2,0,0,1,1
3,17,3,8,146,0,3,0,1,0,2,0,30,2,2,2,2,0,0,1,1
2,75,1,2,144,3,4,0,0,1,0,2,42,0,1,3,3,1,1,0,0
2,75,1,2,144,3,4,0,1,1,0,2,42,0,1,3,3,1,1,0,0
1,28,1,2,152,4,3,3,0,2,3,3,68,1,2,0,2,1,0,1,1
1,28,1,2,152,4,3,3,1,2,3,3,68,1,2,0,2,1,0,1,1
0,51,4,1,7,3,1,2,0,0,3,3,38,0,2,0,3,1,0,1,1
0,51,4,1,7,3,1,2,1,0,3,3,38,0,2,0,3,1,0,1,1
0,49,1,2,155,3,1,2,0,1,1,2,19,0,1,1,2,0,0,1,1
0,49,1,2,155,3,1,2,1,1,1,2,19,0,1,1,2,0,0,1,1
1,22,1,0,24,2,1,3,0,0,1,2,71,0,0,3,0,1,1,0,1
1,22,1,0,24,2,1,3,1,0,1,2,71,0,0,3,0,1,1,0,1
3,69,2,1,112,2,1,3,0,0,3,0,39,0,1,1,3,0,1,0,1
3,69,2,1,112,2,1,3,1,0,3,0,39,0,1,1,3,0,1,0,1
1,69,1,10,75,0,1,1,0,2,1,1,56,0,2,3,3,2,1,1,0
1,69,1,10,75,0,1,1,1,2,1,1,56,0,2,3,3,2,1,1,0
1,47,2,0,139,4,1,1,0,2,0,1,58,1,2,3,2,1,1,1,1
1,47,2,0,139,4,1,1,1,2,0,1,58,1,2,3,2,1,1,1,1
1,52,4,6,8,0,3,3,0,1,0,3,23,1,1,1,0,2,1,0,1
1,52,4,6,8,0,3,3,1,1,0,3,23,1,1,1,0,2,1,0,1
1,75,3,2,88,1,0,2,0,1,3,3,67,1,1,3,3,0,0,0,1
1,75,3,2,88,1,0,2,1,1,3,3,67,1,1,3,3,0,0,0,1
2,3,3,6,5,3,1,2,0,2,0,3,35,2,0,3,2,1,1,0,1
2,3,3,6,5,3,1,2,1,2,0,3,35,2,0,3,2,1,1,0,1
1,49,2,7,139,2,4,3,0,2,3,3,2,0,2,1,1,2,1,0,1
1,49,2,7,139,2,4,3,1,2,3,3,2,0,2,1,1,2,1,0,1
0,79,2,2,151,4,3,3,0,0,1,0,7,2,1,1,0,2,0,1,1
0,79,2,2,151,4,3,3,1,0,1,0,7,2,1,1,0,2,0,1,1
3,2,4,4,175,3,1,1,0,2,0,1,70,2,0,3,3,0,1,0,1
3,2,4,4,175,3,1,1,1,2,0,1,70,2,0,3,3,0,1,0,1
1,20,2,4,69,2,3,2,0,1,1,3,49,0,2,0,1,1,0,1,0
1,20,2,4,69,2,3,2,1,1,1,3,49,0,2,0,1,1,0,1,0
3,34,4,10,45,3,4,1,0,2,2,0,13,2,0,1,3,0,0,0,1
3,34,4,10,45,3,4,1,1,2,2,0,13,2,0,1,3,0,0,0,1
1,66,2,9,9,1,0,3,0,0,2,3,40,0,0,0,2,2,0,1,1
1,66,2,9,9,1,0,3,1,0,2,3,40,0,0,0,2,2,0,1,1
2,24,0,1,164,2,2,1,0,0,2,0,33,0,2,0,2,0,0,0,1
2,24,0,1,164,2,2,1,1,0,2,0,33,0,2,0,2,0,0,0,1
1,59,2,9,95,3,4,0,0,0,2,1,74,2,2,2,3,0,1,0,0
1,59,2,9,95,3,4,0,1,0,2,1,74,2,2,2,3,0,1,0,0
0,0,0,6,85,4,3,2,0,2,3,0,31,0,2,2,0,1,1,1,1
0,0,0,6,85,4,3,2,1,2,3,0,31,0,2,2,0,1,1,1,1
2,58,2,1,191,2,4,1,0,1,1,1,23,1,1,0,0,0,1,1,1
2,58,2,1,191,2,4,1,1,1,1,1,23,1,1,0,0,0,1,1,1
0,57,2,1,29,2,0,2,0,2,1,0,1,2,0,2,1,0,1,1,1
0,57,2,1,29,2,0,2,1,2,1,0,1,2,0,2,1,0,1,1,1
0,20,0,2,21,3,2,3,0,1,0,1,44,0,0,1,0,1,0,0,1
0,20,0,2,21,3,2,3,1,1,0,1,44,0,0,1,0,1,0,0,1
2,18,2,1,136,3,4,3,0,2,0,1,58,1,1,3,1,0,0,0,1
2,18,2,1,136,3,4,3,1,2,0,1,58,1,1,3,1,0,0,0,1
3,14,0,0,54,3,2,0,0,1,0,0,2,2,1,2,2,0,0,0,1
3,14,0,0,54,3,2,0,1,1,0,0,2,2,1,2,2,0,0,0,1
2,72,4,2,192,4,4,3,0,2,1,2,1,0,0,1,1,1,1,0,1
2,72,4,2,192,4,4,3,1,2,1,2,1,0,0,1,1,1,1,0,1
1,78,4,3,60,4,2,3,0,0,0,0,11,0,0,2,3,0,1,0,1
1,78,4,3,60,4,2,3,1,0,0,0,11,0,0,2,3,0,1,0,1
0,41,2,7,196,4,0,2,0,1,3,1,34,0,0,3,1,1,0,0,1
0,41,2,7,196,4,0,2,1,1,3,1,34,0,0,3,1,1,0,0,1
1,42,1,3,105,2,3,3,0,0,3,0,11,0,0,0,0,0,1,0,1
1,42,1,3,105,2,3,3,1,0,3,0,11,0,0,0,0,0,1,0,1
1,26,0,4,40,2,4,2,0,1,1,2,52,0,1,3,2,2,1,1,1
1,26,0,4,40,2,4,2,1,1,1,2,52,0,1,3,2,2,1,1,1
1,51,2,5,40,2,2,3,0,2,3,0,57,1,1,3,2,1,0,0,1
1,51,2,5,40,2,2,3,1,2,3,0,57,1,1,3,2,1,0,0,1
1,43,4,2,3,0,2,0,0,1,3,1,63,0,2,3,1,0,0,1,1
1,43,4,2,3,0,2,0,1,1,3,1,63,0,2,3,1,0,0,1,1
1,27,0,1,81,1,3,1,0,0,0,3,4,2,2,2,2,2,0,1,1
1,27,0,1,81,1,3,1,1,0,0,3,4,2,2,2,2,2,0,1,1
2,72,1,9,50,2,3,1,0,0,1,3,65,0,1,2,0,0,1,1,0
2,72,1,9,50,2,3,1,1,0,1,3,65,0,1,2,0,0,1,1,0
3,14,1,6,160,4,3,0,0,2,1,2,37,1,2,2,1,1,0,1,1
3,14,1,6,160,4,3,0,1,2,1,2,37,1,2,2,1,1,0,1,1
1,36,4,5,114,2,1,0,0,1,2,3,47,0,1,1,3,1,0,0,1
1,36,4,5,114,2,1,0,1,1,2,3,47,0,1,1,3,1,0,0,1
2,17,0,0,96,1,3,1,0,0,0,1,68,0,1,2,1,2,0,1,0
2,17,0,0,96,1,3,1,1,0,0,1,68,0,1,2,1,2,0,1,0
1,52,1,10,181,4,0,3,0,1,1,2,41,0,2,3,0,1,0,1,1
1,52,1,10,181,4,0,3,1,1,1,2,41,0,2,3,0,1,0,1,1
1,9,4,7,190,1,0,1,0,0,3,0,74,2,0,3,0,1,1,0,1
1,9,4,7,190,1,0,1,1,0,3,0,74,2,0,3,0,1,1,0,1
0,60,0,9,107,4,1,0,0,2,3,2,44,2,2,0,0,0,1,0,1
0,60,0,9,107,4,1,0,1,2,3,2,44,2,2,0,0,0,1,0,1
2,30,4,7,25,0,4,3,0,1,1,1,45,1,0,1,1,1,0,1,1
2,30,4,7,25,0,4,3,1,1,1,1,45,1,0,1,1,1,0,1,1
1,7,0,0,156,0,0,3,0,0,0,2,7,2,1,0,1,1,0,1,0
1,7,0,0,156,0,0,3,1,0,0,2,7,2,1,0,1,1,0,1,0
1,18,2,5,31,0,4,1,0,2,2,2,70,0,2,0,2,1,0,0,1
1,18,2,5,31,0,4,1,1,2,2,2,70,0,2,0,2,1,0,0,1
0,20,3,10,192,2,3,2,0,2,0,2,73,2,1,0,2,1,1,1,1
0,20,3,10,192,2,3,2,1,2,0,2,73,2,1,0,2,1,1,1,1
1,1,4,8,141,2,1,2,0,2,3,2,40,2,1,1,0,2,0,0,1
1,1,4,8,141,2,1,2,1,2,3,2,40,2,1,1,0,2,0,0,1
2,31,2,6,170,4,4,3,0,0,0,0,35,2,2,2,1,2,1,0,1
2,31,2,6,170,4,4,3,1,0,0,0,35,2,2,2,1,2,1,0,1
1,21,2,6,35,0,3,1,0,1,2,3,13,0,1,2,3,1,0,1,1
1,21,2,6,35,0,3,1,1,1,2,3,13,0,1,2,3,1,0,1,1
2,45,2,6,165,3,1,2,0,1,3,1,58,2,0,0,3,1,0,1,1
2,45,2,6,165,3,1,2,1,1,3,1,58,2,0,0,3,1,0,1,1
2,17,1,4,105,2,4,1,0,2,1,2,71,2,2,3,3,1,0,0,1
2,17,1,4,105,2,4,1,1,2,1,2,71,2,2,3,3,1,0,0,1
0,10,3,7,56,0,4,3,0,0,3,3,18,1,1,0,2,1,0,0,1
0,10,3,7,56,0,4,3,1,0,3,3,18,1,1,0,2,1,0,0,1
0,13,4,10,109,1,0,1,0,0,2,0,39,2,0,3,1,2,0,1,0
0,13,4,10,109,1,0,1,1,0,2,0,39,2,0,3,1,2,0,1,0
3,11,0,9,20,2,1,2,0,2,1,1,42,1,1,1,2,0,0,1,1
3,11,0,9,20,2,1,2,1,2,1,1,42,1,1,1,2,0,0,1,1
0,58,3,1,134,3,1,0,0,2,1,2,63,0,2,2,0,2,0,0,1
0,58,3,1,134,3,1,0,1,2,1,2,63,0,2,2,0,2,0,0,1
2,63,0,9,95,2,0,1,0,1,1,3,67,1,2,0,1,1,1,0,0
2,63,0,9,95,2,0,1,1,1,1,3,67,1,2,0,1,1,1,0,0
1,4,4,8,148,0,3,3,0,0,0,3,49,2,1,2,2,0,1,0,0
1,4,4,8,148,0,3,3,1,0,0,3,49,2,1,2,2,0,1,0,0
0,74,3,3,165,1,4,0,0,2,3,3,0,2,0,0,2,2,0,1,1
0,74,3,3,165,1,4,0,1,2,3,3,0,2,0,0,2,2,0,1,1
1,12,4,1,32,0,1,1,0,2,1,1,59,0,1,2,2,0,1,0,1
1,12,4,1,32,0,1,1,1,2,1,1,59,0,1,2,2,0,1,0,1
3,21,0,4,98,4,1,0,0,0,0,2,48,2,0,1,2,1,0,0,1
3,21,0,4,98,4,1,0,1,0,0,2,48,2,0,1,2,1,0,0,1
3,34,3,2,59,2,4,2,0,2,2,0,21,1,1,1,0,2,0,1,0
3,34,3,2,59,2,4,2,1,2,2,0,21,1,1,1,0,2,0,1,0
1,50,1,6,64,4,2,3,0,1,2,0,33,0,0,1,3,1,1,0,0
1,50,1,6,64,4,2,3,1,1,2,0,33,0,0,1,3,1,1,0,0
3,64,1,1,176,3,3,1,0,0,0,2,26,1,2,2,1,1,0,0,1
3,64,1,1,176,3,3,1,1,0,0,2,26,1,2,2,1,1,0,0,1
1,63,3,8,134,4,3,0,0,0,0,2,18,1,0,2,0,0,1,1,1
1,63,3,8,134,4,3,0,1,0,0,2,18,1,0,2,0,0,1,1,1
1,72,1,10,80,4,2,1,0,0,3,1,4,1,0,0,0,2,1,1,0
1,72,1,10,80,4,2,1,1,0,3,1,4,1,0,0,0,2,1,1,0
2,36,3,10,129,4,3,3,0,2,3,0,30,2,1,1,0,2,0,0,0
2,36,3,10,129,4,3,3,1,2,3,0,30,2,1,1,0,2,0,0,0
1,61,0,9,172,1,4,3,0,1,3,1,57,2,1,1,2,0,0,0,1
1,61,0,9,172,1,4,3,1,1,3,1,57,2,1,1,2,0,0,0,1
3,41,4,0,184,2,3,0,0,1,0,0,53,2,0,3,1,2,0,0,0
3,41,4,0,184,2,3,0,1,1,0,0,53,2,0,3,1,2,0,0,0
0,21,3,4,197,4,2,0,0,1,0,2,49,1,0,1,0,1,0,1,1
0,21,3,4,197,4,2,0,1,1,0,2,49,1,0,1,0,1,0,1,1
2,35,0,9,115,2,4,0,0,2,2,3,2,0,2,2,1,1,1,0,0
2,35,0,9,115,2,4,0,1,2,2,3,2,0,2,2,1,1,1,0,0
1,79,0,9,49,2,3,3,0,1,0,0,62,2,0,0,3,1,1,1,0
1,79,0,9,49,2,3,3,1,1,0,0,62,2,0,0,3,1,1,1,0
0,29,0,8,168,1,2,0,0,2,3,1,39,1,0,3,0,1,1,0,1
0,29,0,8,168,1,2,0,1,2,3,1,39,1,0,3,0,1,1,0,1
3,47,0,4,37,1,4,1,0,1,2,1,72,0,1,3,0,0,1,0,1
3,47,0,4,37,1,4,1,1,1,2,1,72,0,1,3,0,0,1,0,1
0,58,3,8,107,1,1,1,0,0,1,2,38,1,1,0,0,0,0,0,1
0,58,3,8,107,1,1,1,1,0,1,2,38,1,1,0,0,0,0,0,1
2,16,4,5,143,0,4,0,0,0,0,2,58,2,2,3,2,0,0,1,0
2,16,4,5,143,0,4,0,1,0,0,2,58,2,2,3,2,0,0,1,0
3,37,0,4,61,4,0,0,0,2,0,2,9,2,1,0,3,2,0,1,1
3,37,0,4,61,4,0,0,1,2,0,2,9,2,1,0,3,2,0,1,1
1,46,2,7,58,0,0,1,0,1,2,2,42,0,2,1,2,0,0,0,1
1,46,2,7,58,0,0,1,1,1,2,2,42,0,2,1,2,0,0,0,1
1,46,1,6,188,3,1,2,0,1,2,1,48,2,2,0,1,0,0,1,1
1,46,1,6,188,3,1,2,1,1,2,1,48,2,2,0,1,0,0,1,1
2,61,2,8,87,0,2,1,0,2,1,3,52,1,0,3,1,0,1,0,1
2,61,2,8,87,0,2,1,1,2,1,3,52,1,0,3,1,0,1,0,1
1,33,4,5,2,1,4,1,0,0,0,2,18,2,1,0,3,2,1,1,1
1,33,4,5,2,1,4,1,1,0,0,2,18,2,1,0,3,2,1,1,1
2,6,3,10,187,2,0,2,0,2,2,1,4,2,2,1,0,2,0,0,1
2,6,3,10,187,2,0,2,1,2,2,1,4,2,2,1,0,2,0,0,1
2,48,3,10,41,4,2,3,0,0,0,0,50,1,0,2,1,2,0,1,1
2,48,3,10,41,4,2,3,1,0,0,0,50,1,0,2,1,2,0,1,1
3,55,0,9,120,3,1,2,0,2,0,0,58,1,0,1,0,2,0,0,1
3,55,0,9,120,3,1,2,1,2,0,0,58,1,0,1,0,2,0,0,1
2,52,3,6,115,2,2,3,0,2,2,0,30,0,0,1,1,1,1,0,0
2,52,3,6,115,2,2,3,1,2,2,0,30,0,0,1,1,1,1,0,0
0,26,2,5,163,2,0,3,0,0,3,3,46,1,0,1,3,0,1,1,1
0,26,2,5,163,2,0,3,1,0,3,3,46,1,0,1,3,0,1,1,1
0,42,1,5,116,2,4,1,0,2,0,2,19,0,0,0,2,2,0,0,1
0,42,1,5,116,2,4,1,1,2,0,2,19,0,0,0,2,2,0,0,1
3,43,4,7,148,4,4,2,0,1,0,2,60,0,2,0,3,0,0,1,0
3,43,4,7,148,4,4,2,1,1,0,2,60,0,2,0,3,0,0,1,0
2,11,2,0,155,0,1,0,0,1,1,1,42,0,1,1,3,0,1,1,1
2,11,2,0,155,0,1,0,1,1,1,1,42,0,1,1,3,0,1,1,1
1,45,2,7,186,0,3,1,0,0,3,0,71,2,2,2,3,0,0,0,1
1,45,2,7,186,0,3,1,1,0,3,0,71,2,2,2,3,0,0,0,1
2,14,0,9,41,0,4,3,0,0,2,0,46,2,2,2,3,1,1,1,0
2,14,0,9,41,0,4,3,1,0,2,0,46,2,2,2,3,1,1,1,0
0,17,2,10,137,1,2,3,0,0,2,1,23,0,1,2,1,1,1,1,1
0,17,2,10,137,1,2,3,1,0,2,1,23,0,1,2,1,1,1,1,1
0,10,2,2,113,4,3,0,0,2,2,0,41,0,0,1,1,1,1,1,0
0,10,2,2,113,4,3,0,1,2,2,0,41,0,0,1,1,1,1,1,0
3,48,1,6,112,4,3,0,0,2,1,1,28,1,0,1,1,0,1,1,1
3,48,1,6,112,4,3,0,1,2,1,1,28,1,0,1,1,0,1,1,1
3,4,0,3,132,2,0,0,0,1,2,0,63,1,0,1,2,0,0,0,1
3,4,0,3,132,2,0,0,1,1,2,0,63,1,0,1,2,0,0,0,1
2,64,1,1,99,0,4,1,0,1,0,2,46,2,1,3,2,0,0,1,0
2,64,1,1,99,0,4,1,1,1,0,2,46,2,1,3,2,0,0,1,0
0,14,1,9,97,1,0,0,0,1,0,0,68,0,2,2,0,1,1,1,1
0,14,1,9,97,1,0,0,1,1,0,0,68,0,2,2,0,1,1,1,1
3,38,4,10,87,3,0,1,0,1,3,2,48,2,2,0,0,1,0,1,1
3,38,4,10,87,3,0,1,1,1,3,2,48,2,2,0,0,1,0,1,1
3,35,2,6,155,1,3,2,0,2,1,1,12,2,0,3,0,1,1,0,1
3,35,2,6,155,1,3,2,1,2,1,1,12,2,0,3,0,1,1,0,1
2,66,4,10,93,3,4,2,0,0,3,1,33,1,2,2,0,0,0,1,0
2,66,4,10,93,3,4,2,1,0,3,1,33,1,2,2,0,0,0,1,0
3,67,0,2,194,3,2,1,0,2,0,3,16,2,2,3,2,2,0,1,1
3,67,0,2,194,3,2,1,1,2,0,3,16,2,2,3,2,2,0,1,1
3,23,4,3,16,2,3,3,0,0,0,1,39,2,0,0,1,2,1,0,1
3,23,4,3,16,2,3,3,1,0,0,1,39,2,0,0,1,2,1,0,1
3,4,2,7,110,0,4,1,0,0,3,1,9,1,1,2,0,0,0,0,1
3,4,2,7,110,0,4,1,1,0,3,1,9,1,1,2,0,0,0,0,1
0,54,0,6,68,4,4,3,0,1,2,0,68,2,1,1,0,0,0,0,0
0,54,0,6,68,4,4,3,1,1,2,0,68,2,1,1,0,0,0,0,0
3,60,2,8,43,2,3,1,0,1,0,0,32,2,0,3,1,0,0,0,1
3,60,2,8,43,2,3,1,1,1,0,0,32,2,0,3,1,0,0,0,1
2,10,2,10,36,0,2,2,0,1,1,3,12,1,0,0,1,0,1,0,1
2,10,2,10,36,0,2,2,1,1,1,3,12,1,0,0,1,0,1,0,1
1,60,1,9,104,0,0,2,0,2,0,2,39,0,1,0,3,1,0,0,1
1,60,1,9,104,0,0,2,1,2,0,2,39,0,1,0,3,1,0,0,1
1,15,3,7,115,2,2,1,0,0,3,1,56,2,0,0,1,0,1,0,0
1,15,3,7,115,2,2,1,1,0,3,1,56,2,0,0,1,0,1,0,0
2,12,4,7,131,4,2,3,0,1,2,1,8,1,2,1,0,1,0,1,1
2,12,4,7,131,4,2,3,1,1,2,1,8,1,2,1,0,1,0,1,1
1,4,3,5,163,1,0,3,0,0,3,0,1,1,0,2,0,1,1,1,1
1,4,3,5,163,1,0,3,1,0,3,0,1,1,0,2,0,1,1,1,1
2,7,2,6,73,4,4,1,0,0,3,2,35,0,1,1,1,1,1,1,1
2,7,2,6,73,4,4,1,1,0,3,2,35,0,1,1,1,1,1,1,1
0,74,2,10,67,3,3,3,0,1,1,0,64,2,1,3,3,0,0,0,0
0,74,2,10,67,3,3,3,1,1,1,0,64,2,1,3,3,0,0,0,0
2,52,2,7,29,2,4,0,0,0,2,3,26,0,0,3,3,1,1,1,1
2,52,2,7,29,2,4,0,1,0,2,3,26,0,0,3,3,1,1,1,1
1,35,1,1,151,3,0,2,0,1,2,1,71,1,2,1,2,0,1,1,1
1,35,1,1,151,3,0,2,1,1,2,1,71,1,2,1,2,0,1,1,1
2,72,1,4,36,4,3,0,0,0,2,1,57,1,1,1,1,2,0,1,1
2,72,1,4,36,4,3,0,1,0,2,1,57,1,1,1,1,2,0,1,1
3,61,4,2,122,1,2,0,0,2,3,3,45,0,1,2,1,1,1,0,1
3,61,4,2,122,1,2,0,1,2,3,3,45,0,1,2,1,1,1,0,1
3,2,2,1,159,4,1,0,0,0,1,0,12,1,1,3,0,1,0,1,0
3,2,2,1,159,4,1,0,1,0,1,0,12,1,1,3,0,1,0,1,0
1,11,4,1,78,1,3,2,0,0,2,3,12,2,2,1,3,0,1,1,1
1,11,4,1,78,1,3,2,1,0,2,3,12,2,2,1,3,0,1,1,1
2,19,1,7,88,3,0,1,0,0,2,3,29,0,0,3,1,2,0,0,1
2,19,1,7,88,3,0,1,1,0,2,3,29,0,0,3,1,2,0,0,1
1,36,1,2,165,2,4,3,0,0,0,1,69,1,2,0,1,0,0,0,1
1,36,1,2,165,2,4,3,1,0,0,1,69,1,2,0,1,0,0,0,1
0,25,2,9,86,3,3,1,0,1,2,1,64,0,0,1,1,2,1,0,0
0,25,2,9,86,3,3,1,1,1,2,1,64,0,0,1,1,2,1,0,0
3,7,2,1,68,1,4,0,0,2,3,2,50,2,2,2,3,0,1,0,0
3,7,2,1,68,1,4,0,1,2,3,2,50,2,2,2,3,0,1,0,0
1,42,4,5,138,4,4,0,0,0,1,0,37,1,2,0,3,2,1,1,1
1,42,4,5,138,4,4,0,1,0,1,0,37,1,2,0,3,2,1,1,1
3,21,3,6,183,2,1,3,0,1,1,2,31,2,1,3,1,0,1,1,1
3,21,3,6,183,2,1,3,1,1,1,2,31,2,1,3,1,0,1,1,1
3,27,3,4,160,1,4,2,0,0,2,1,40,0,0,1,3,2,0,0,1
3,27,3,4,160,1,4,2,1,0,2,1,40,0,0,1,3,2,0,0,1
2,79,3,10,50,0,0,1,0,0,2,1,58,1,1,3,3,1,1,1,0
2,79,3,10,50,0,0,1,1,0,2,1,58,1,1,3,3,1,1,1,0
2,68,4,4,149,0,2,2,0,2,2,0,23,0,1,3,1,0,1,1,1
2,68,4,4,149,0,2,2,1,2,2,0,23,0,1,3,1,0,1,1,1
2,45,2,1,8,2,1,1,0,2,2,0,53,1,2,0,2,1,0,0,1
2,45,2,1,8,2,1,1,1,2,2,0,53,1,2,0,2,1,0,0,1
1,37,2,9,176,2,0,3,0,2,1,1,11,0,1,2,2,1,1,0,1
1,37,2,9,176,2,0,3,1,2,1,1,11,0,1,2,2,1,1,0,1
3,71,2,6,73,0,0,0,0,1,2,3,20,0,1,1,0,0,1,1,1
3,71,2,6,73,0,0,0,1,1,2,3,20,0,1,1,0,0,1,1,1
2,74,4,9,127,3,1,0,0,2,1,0,71,1,0,3,1,1,0,0,1
2,74,4,9,127,3,1,0,1,2,1,0,71,1,0,3,1,1,0,0,1
3,19,3,9,187,0,4,3,0,2,2,3,18,1,1,0,0,2,1,1,1
3,19,3,9,187,0,4,3,1,2,2,3,18,1,1,0,0,2,1,1,1
3,28,1,5,182,3,3,1,0,1,2,1,55,1,2,1,0,2,0,1,1
3,28,1,5,182,3,3,1,1,1,2,1,55,1,2,1,0,2,0,1,1
2,33,0,6,193,4,4,2,0,0,3,3,41,1,1,1,1,0,0,0,1
2,33,0,6,193,4,4,2,1,0,3,3,41,1,1,1,1,0,0,0,1
2,27,0,10,91,1,0,1,0,2,2,3,21,0,1,3,3,0,0,1,1
2,27,0,10,91,1,0,1,1,2,2,3,21,0,1,3,3,0,0,1,1
0,12,2,4,77,0,4,2,0,0,0,2,1,0,0,3,0,1,0,1,1
0,12,2,4,77,0,4,2,1,0,0,2,1,0,0,3,0,1,0,1,1
2,19,1,10,11,2,1,3,0,2,3,2,65,0,0,0,0,0,0,1,1
2,19,1,10,11,2,1,3,1,2,3,2,65,0,0,0,0,0,0,1,1
2,18,1,9,73,0,2,1,0,2,3,2,44,1,1,1,2,1,1,0,1
2,18,1,9,73,0,2,1,1,2,3,2,44,1,1,1,2,1,1,0,1
0,30,3,2,1,0,0,2,0,2,2,3,66,2,0,0,2,1,0,0,1
0,30,3,2,1,0,0,2,1,2,2,3,66,2,0,0,2,1,0,0,1
1,6,2,4,162,1,0,0,0,1,0,1,66,1,2,2,1,2,0,0,1
1,6,2,4,162,1,0,0,1,1,0,1,66,1,2,2,1,2,0,0,1
2,50,0,4,6,2,2,2,0,0,1,0,59,1,1,0,2,0,0,1,1
2,50,0,4,6,2,2,2,1,0,1,0,59,1,1,0,2,0,0,1,1
1,79,3,1,12,0,0,2,0,0,1,0,63,1,0,3,3,2,1,1,1
1,79,3,1,12,0,0,2,1,0,1,0,63,1,0,3,3,2,1,1,1
3,19,1,6,126,4,4,2,0,2,3,3,41,1,2,3,2,2,1,1,0
3,19,1,6,126,4,4,2,1,2,3,3,41,1,2,3,2,2,1,1,0
0,19,4,7,8,4,4,0,0,0,3,1,3,0,1,3,0,2,1,0,1
0,19,4,7,8,4,4,0,1,0,3,1,3,0,1,3,0,2,1,0,1
1,18,3,3,182,1,4,0,0,0,1,2,65,1,2,2,1,0,0,1,1
1,18,3,3,182,1,4,0,1,0,1,2,65,1,2,2,1,0,0,1,1
1,69,1,6,134,3,0,3,0,0,0,1,38,0,0,2,3,2,0,0,1
1,69,1,6,134,3,0,3,1,0,0,1,38,0,0,2,3,2,0,0,1
1,42,4,8,21,2,4,3,0,1,3,2,41,0,0,1,2,0,1,1,1
1,42,4,8,21,2,4,3,1,1,3,2,41,0,0,1,2,0,1,1,1
3,8,1,8,186,4,0,2,0,2,0,1,53,0,2,2,1,0,0,0,1
3,8,1,8,186,4,0,2,1,2,0,1,53,0,2,2,1,0,0,0,1
1,75,4,5,66,1,0,2,0,2,0,2,5,0,0,1,2,2,0,0,1
1,75,4,5,66,1,0,2,1,2,0,2,5,0,0,1,2,2,0,0,1
2,63,0,7,0,1,3,2,0,0,1,0,18,2,1,0,2,0,1,1,1
2,63,0,7,0,1,3,2,1,0,1,0,18,2,1,0,2,0,1,1,1
0,9,0,7,36,1,4,2,0,2,0,2,28,1,1,2,3,1,0,1,1
0,9,0,7,36,1,4,2,1,2,0,2,28,1,1,2,3,1,0,1,1
1,3,0,9,161,3,0,2,0,1,1,3,44,1,0,2,2,0,1,0,1
1,3,0,9,161,3,0,2,1,1,1,3,44,1,0,2,2,0,1,0,1
2,0,4,5,115,2,0,1,0,2,2,2,17,2,2,2,3,2,0,0,0
2,0,4,5,115,2,0,1,1,2,2,2,17,2,2,2,3,2,0,0,0
1,20,1,7,42,1,4,1,0,1,2,0,60,1,1,0,2,2,0,0,1
1,20,1,7,42,1,4,1,1,1,2,0,60,1,1,0,2,2,0,0,1
1,22,4,7,63,4,2,2,0,1,1,3,64,0,2,3,3,2,0,1,0
1,22,4,7,63,4,2,2,1,1,1,3,64,0,2,3,3,2,0,1,0
0,53,4,8,104,0,1,3,0,2,0,1,45,0,0,2,0,0,0,1,1
0,53,4,8,104,0,1,3,1,2,0,1,45,0,0,2,0,0,0,1,1
2,48,3,8,85,3,0,3,0,0,2,2,17,0,0,3,1,1,1,1,1
2,48,3,8,85,3,0,3,1,0,2,2,17,0,0,3,1,1,1,1,1
2,20,3,0,131,2,2,1,0,2,1,3,38,1,1,0,3,2,0,0,1
2,20,3,0,131,2,2,1,1,2,1,3,38,1,1,0,3,2,0,0,1
1,70,3,4,148,3,2,0,0,2,3,2,17,2,1,1,3,2,0,1,0
1,70,3,4,148,3,2,0,1,2,3,2,17,2,1,1,3,2,0,1,0
3,7,3,5,61,4,2,2,0,2,1,1,58,1,1,3,0,0,0,1,1
3,7,3,5,61,4,2,2,1,2,1,1,58,1,1,3,0,0,0,1,1
0,7,0,6,142,1,1,0,0,1,2,3,35,2,2,1,1,1,0,0,1
0,7,0,6,142,1,1,0,1,1,2,3,35,2,2,1,1,1,0,0,1
2,38,2,0,28,3,4,1,0,2,2,2,47,1,2,0,0,1,0,0,1
2,38,2,0,28,3,4,1,1,2,2,2,47,1,2,0,0,1,0,0,1
1,77,2,9,147,1,4,1,0,0,1,3,10,0,1,0,3,2,1,0,0
1,77,2,9,147,1,4,1,1,0,1,3,10,0,1,0,3,2,1,0,0
3,72,1,4,38,3,2,2,0,1,2,1,41,1,1,0,3,2,0,0,1
3,72,1,4,38,3,2,2,1,1,2,1,41,1,1,0,3,2,0,0,1
3,13,0,3,193,2,0,1,0,1,0,3,51,0,1,2,3,0,0,1,1
3,13,0,3,193,2,0,1,1,1,0,3,51,0,1,2,3,0,0,1,1
2,47,0,6,133,3,1,3,0,1,3,1,18,1,2,0,3,2,1,0,1
2,47,0,6,133,3,1,3,1,1,3,1,18,1,2,0,3,2,1,0,1
0,10,1,4,56,1,1,3,0,1,2,3,64,0,2,2,2,0,1,1,1
0,10,1,4,56,1,1,3,1,1,2,3,64,0,2,2,2,0,1,1,1
1,53,2,8,145,0,4,3,0,0,0,0,8,1,2,3,0,2,1,0,0
1,53,2,8,145,0,4,3,1,0,0,0,8,1,2,3,0,2,1,0,0
3,40,3,4,125,3,2,0,0,2,1,2,62,0,0,0,0,2,1,1,0
3,40,3,4,125,3,2,0,1,2,1,2,62,0,0,0,0,2,1,1,0
0,43,2,6,9,0,4,0,0,0,2,2,46,2,2,1,0,2,0,0,1
0,43,2,6,9,0,4,0,1,0,2,2,46,2,2,1,0,2,0,0,1
1,63,2,9,35,0,2,3,0,0,2,2,20,1,2,3,1,1,1,1,1
1,63,2,9,35,0,2,3,1,0,2,2,20,1,2,3,1,1,1,1,1
0,6,0,1,36,0,2,0,0,0,0,1,52,2,1,2,1,0,1,1,1
0,6,0,1,36,0,2,0,1,0,0,1,52,2,1,2,1,0,1,1,1
0,60,4,4,12,4,0,1,0,2,1,1,3,1,0,3,0,1,1,0,1
0,60,4,4,12,4,0,1,1,2,1,1,3,1,0,3,0,1,1,0,1
0,42,4,4,22,0,4,1,0,1,1,0,29,0,1,3,0,1,1,0,1
0,42,4,4,22,0,4,1,1,1,1,0,29,0,1,3,0,1,1,0,1
0,67,2,2,76,4,2,1,0,2,2,3,9,0,0,1,3,0,0,0,0
0,67,2,2,76,4,2,1,1,2,2,3,9,0,0,1,3,0,0,0,0
3,1,0,6,64,4,0,2,0,0,3,2,25,2,2,3,3,0,1,1,1
3,1,0,6,64,4,0,2,1,0,3,2,25,2,2,3,3,0,1,1,1
0,50,1,2,45,3,2,2,0,1,3,0,68,0,2,2,1,2,0,1,1
0,50,1,2,45,3,2,2,1,1,3,0,68,0,2,2,1,2,0,1,1
2,11,4,6,0,0,1,1,0,2,2,1,34,2,2,1,1,1,1,0,1
2,11,4,6,0,0,1,1,1,2,2,1,34,2,2,1,1,1,1,0,1
1,17,2,6,76,4,1,0,0,2,3,0,2,2,1,0,1,1,0,1,0
1,17,2,6,76,4,1,0,1,2,3,0,2,2,1,0,1,1,0,1,0
1,10,3,1,24,1,3,2,0,0,1,3,25,2,1,2,2,0,0,1,0
1,10,3,1,24,1,3,2,1,0,1,3,25,2,1,2,2,0,0,1,0
3,18,3,9,1,4,1,0,0,0,0,1,35,2,0,1,3,1,1,0,1
3,18,3,9,1,4,1,0,1,0,0,1,35,2,0,1,3,1,1,0,1
3,61,3,1,173,4,2,1,0,1,1,3,74,0,0,1,0,0,0,0,1
3,61,3,1,173,4,2,1,1,1,1,3,74,0,0,1,0,0,0,0,1
2,56,1,6,13,1,3,2,0,0,3,1,8,0,0,0,3,1,0,1,1
2,56,1,6,13,1,3,2,1,0,3,1,8,0,0,0,3,1,0,1,1
1,56,0,3,126,1,0,2,0,1,0,1,31,1,0,3,1,0,0,0,0
1,56,0,3,126,1,0,2,1,1,0,1,31,1,0,3,1,0,0,0,0
1,57,0,5,30,3,0,0,0,2,1,0,74,0,0,3,3,1,0,0,1
1,57,0,5,30,3,0,0,1,2,1,0,74,0,0,3,3,1,0,0,1
1,14,0,8,48,0,1,0,0,2,3,1,56,0,2,1,0,1,1,0,0
1,14,0,8,48,0,1,0,1,2,3,1,56,0,2,1,0,1,1,0,0
0,59,1,0,158,4,0,2,0,1,3,2,24,2,0,3,2,1,0,0,1
0,59,1,0,158,4,0,2,1,1,3,2,24,2,0,3,2,1,0,0,1
3,46,0,5,119,2,0,1,0,2,1,3,2,1,2,3,1,0,1,1,0
3,46,0,5,119,2,0,1,1,2,1,3,2,1,2,3,1,0,1,1,0
0,68,1,7,198,3,4,1,0,1,3,0,37,0,0,0,3,0,1,0,1
0,68,1,7,198,3,4,1,1,1,3,0,37,0,0,0,3,0,1,0,1
1,20,3,4,194,4,2,0,0,1,1,3,5,1,1,0,0,2,1,1,1
1,20,3,4,194,4,2,0,1,1,1,3,5,1,1,0,0,2,1,1,1
2,0,3,6,134,3,0,0,0,2,1,1,5,2,0,2,0,0,0,1,1
2,0,3,6,134,3,0,0,1,2,1,1,5,2,0,2,0,0,0,1,1
0,5,2,4,62,3,3,2,0,0,1,1,28,1,1,2,1,2,1,0,0
0,5,2,4,62,3,3,2,1,0,1,1,28,1,1,2,1,2,1,0,0
0,43,4,3,40,1,4,1,0,0,3,3,65,2,0,1,2,1,1,0,0
0,43,4,3,40,1,4,1,1,0,3,3,65,2,0,1,2,1,1,0,0
1,31,4,10,107,1,4,0,0,2,3,3,66,0,0,0,0,2,0,1,1
1,31,4,10,107,1,4,0,1,2,3,3,66,0,0,0,0,2,0,1,1
2,24,0,1,184,1,2,0,0,1,2,1,53,1,1,0,0,0,0,0,0
2,24,0,1,184,1,2,0,1,1,2,1,53,1,1,0,0,0,0,0,0
1,36,0,4,76,3,3,1,0,2,3,2,52,1,1,1,0,0,1,1,0
1,36,0,4,76,3,3,1,1,2,3,2,52,1,1,1,0,0,1,1,0
3,5,4,10,137,2,0,2,0,2,1,1,62,0,2,1,0,2,0,1,1
3,5,4,10,137,2,0,2,1,2,1,1,62,0,2,1,0,2,0,1,1
1,38,3,5,191,1,1,1,0,0,3,3,72,1,2,0,1,1,1,0,1
1,38,3,5,191,1,1,1,1,0,3,3,72,1,2,0,1,1,1,0,1
2,10,3,4,114,2,0,1,0,2,0,2,74,0,0,1,3,2,1,0,1
2,10,3,4,114,2,0,1,1,2,0,2,74,0,0,1,3,2,1,0,1
0,5,2,1,135,4,2,0,0,1,3,2,53,0,1,3,2,0,0,1,1
0,5,2,1,135,4,2,0,1,1,3,2,53,0,1,3,2,0,0,1,1
1,16,3,9,102,0,4,1,0,2,1,1,26,0,0,1,0,0,0,1,0
1,16,3,9,102,0,4,1,1,2,1,1,26,0,0,1,0,0,0,1,0
2,76,3,1,144,4,3,3,0,1,1,2,16,1,2,2,1,0,1,1,0
2,76,3,1,144,4,3,3,1,1,1,2,16,1,2,2,1,0,1,1,0
1,43,2,4,176,3,0,3,0,1,2,2,47,2,2,0,1,1,0,0,1
1,43,2,4,176,3,0,3,1,1,2,2,47,2,2,0,1,1,0,0,1
3,66,2,6,158,4,3,0,0,0,3,1,22,0,1,3,2,2,0,0,1
3,66,2,6,158,4,3,0,1,0,3,1,22,0,1,3,2,2,0,0,1
3,65,2,0,171,4,1,2,0,0,1,1,20,2,0,1,2,1,0,1,1
3,65,2,0,171,4,1,2,1,0,1,1,20,2,0,1,2,1,0,1,1
1,54,4,5,61,0,1,2,0,0,1,2,9,1,0,3,0,2,1,0,1
1,54,4,5,61,0,1,2,1,0,1,2,9,1,0,3,0,2,1,0,1
2,67,0,1,184,0,2,2,0,2,2,1,54,2,2,1,1,1,1,1,0
2,67,0,1,184,0,2,2,1,2,2,1,54,2,2,1,1,1,1,1,0
2,44,2,8,172,1,0,2,0,2,3,3,23,2,0,1,2,0,0,0,1
2,44,2,8,172,1,0,2,1,2,3,3,23,2,0,1,2,0,0,0,1
2,19,2,4,109,2,4,3,0,0,3,3,17,2,2,1,1,2,0,1,0
2,19,2,4,109,2,4,3,1,0,3,3,17,2,2,1,1,2,0,1,0
1,67,2,10,192,4,1,3,0,0,2,2,52,2,2,0,3,0,1,1,1
1,67,2,10,192,4,1,3,1,0,2,2,52,2,2,0,3,0,1,1,1
3,73,1,0,181,2,0,1,0,1,3,2,28,1,1,3,1,0,1,1,1
3,73,1,0,181,2,0,1,1,1,3,2,28,1,1,3,1,0,1,1,1
2,68,0,6,131,2,4,3,0,2,2,3,52,2,1,2,1,1,1,0,1
2,68,0,6,131,2,4,3,1,2,2,3,52,2,1,2,1,1,1,0,1
2,1,1,6,152,2,1,2,0,2,0,2,41,0,2,2,0,1,1,1,1
2,1,1,6,152,2,1,2,1,2,0,2,41,0,2,2,0,1,1,1,1
3,37,2,3,48,3,1,3,0,2,2,1,8,2,0,2,3,0,1,1,0
3,37,2,3,48,3,1,3,1,2,2,1,8,2,0,2,3,0,1,1,0
3,19,3,9,193,3,1,0,0,0,0,0,59,0,2,2,0,1,0,1,1
3,19,3,9,193,3,1,0,1,0,0,0,59,0,2,2,0,1,0,1,1
2,40,4,7,64,3,2,2,0,1,0,2,19,1,2,0,3,0,1,0,1
2,40,4,7,64,3,2,2,1,1,0,2,19,1,2,0,3,0,1,0,1
0,65,1,8,92,4,3,2,0,0,1,2,21,1,1,1,2,2,0,1,0
0,65,1,8,92,4,3,2,1,0,1,2,21,1,1,1,2,2,0,1,0
0,50,0,4,60,2,2,0,0,0,2,3,73,2,1,1,3,0,1,0,1
0,50,0,4,60,2,2,0,1,0,2,3,73,2,1,1,3,0,1,0,1
3,53,4,3,140,3,4,1,0,0,0,3,59,2,2,3,1,1,0,0,0
3,53,4,3,140,3,4,1,1,0,0,3,59,2,2,3,1,1,0,0,0
1,19,3,8,71,0,2,2,0,2,3,0,46,0,1,0,2,0,0,0,0
1,19,3,8,71,0,2,2,1,2,3,0,46,0,1,0,2,0,0,0,0
0,28,0,1,72,3,1,1,0,0,0,1,52,1,0,3,3,1,0,0,1
0,28,0,1,72,3,1,1,1,0,0,1,52,1,0,3,3,1,0,0,1
3,9,4,10,189,4,2,2,0,2,2,2,17,0,2,0,1,2,1,1,1
3,9,4,10,189,4,2,2,1,2,2,2,17,0,2,0,1,2,1,1,1
0,45,2,2,5,4,3,0,0,0,0,2,9,2,2,2,1,0,0,1,1
0,45,2,2,5,4,3,0,1,0,0,2,9,2,2,2,1,0,0,1,1
1,2,1,3,86,2,4,1,0,1,1,0,30,0,1,3,0,0,0,0,0
1,2,1,3,86,2,4,1,1,1,1,0,30,0,1,3,0,0,0,0,0
2,29,2,4,39,4,3,3,0,1,0,3,5,2,0,0,1,1,0,1,1
2,29,2,4,39,4,3,3,1,1,0,3,5,2,0,0,1,1,0,1,1
3,27,2,10,77,0,2,3,0,1,0,2,10,1,0,3,2,2,0,0,1
3,27,2,10,77,0,2,3,1,1,0,2,10,1,0,3,2,2,0,0,1
1,32,1,7,166,1,2,0,0,1,2,0,66,1,2,0,0,2,1,0,1
1,32,1,7,166,1,2,0,1,1,2,0,66,1,2,0,0,2,1,0,1
3,53,2,0,17,3,1,1,0,2,2,3,57,0,0,1,1,1,0,1,1
3,53,2,0,17,3,1,1,1,2,2,3,57,0,0,1,1,1,0,1,1
1,46,4,9,123,3,0,0,0,1,1,0,27,1,1,1,2,1,0,0,0
1,46,4,9,123,3,0,0,1,1,1,0,27,1,1,1,2,1,0,0,0
2,20,4,7,197,2,0,3,0,2,3,2,14,2,1,2,3,1,1,1,1
2,20,4,7,197,2,0,3,1,2,3,2,14,2,1,2,3,1,1,1,1
0,30,4,7,116,4,2,2,0,1,3,2,40,2,2,3,3,2,1,0,1
0,30,4,7,116,4,2,2,1,1,3,2,40,2,2,3,3,2,1,0,1
0,19,2,9,171,0,0,0,0,2,1,1,70,2,1,2,2,2,1,1,1
0,19,2,9,171,0,0,0,1,2,1,1,70,2,1,2,2,2,1,1,1
0,76,2,3,57,0,0,1,0,1,1,3,74,2,2,1,2,2,1,1,1
0,76,2,3,57,0,0,1,1,1,1,3,74,2,2,1,2,2,1,1,1
0,26,3,2,0,3,0,1,0,2,2,0,0,1,1,3,3,2,0,1,1
0,26,3,2,0,3,0,1,1,2,2,0,0,1,1,3,3,2,0,1,1
3,67,2,7,108,3,3,1,0,2,1,1,10,0,1,1,2,2,1,1,1
3,67,2,7,108,3,3,1,1,2,1,1,10,0,1,1,2,2,1,1,1
1,37,4,10,54,1,1,2,0,1,1,1,12,1,0,2,1,1,1,1,1
1,37,4,10,54,1,1,2,1,1,1,1,12,1,0,2,1,1,1,1,1
0,38,3,8,96,4,0,1,0,1,1,2,72,1,1,2,1,2,1,1,0
0,38,3,8,96,4,0,1,1,1,1,2,72,1,1,2,1,2,1,1,0
2,79,3,1,194,1,0,3,0,1,0,3,28,1,2,2,0,2,1,1,1
2,79,3,1,194,1,0,3,1,1,0,3,28,1,2,2,0,2,1,1,1
2,75,0,3,119,1,4,2,0,0,3,3,11,2,2,1,0,0,1,0,0
2,75,0,3,119,1,4,2,1,0,3,3,11,2,2,1,0,0,1,0,0
1,41,4,10,64,3,3,3,0,0,3,1,31,2,2,1,3,2,0,0,1
1,41,4,10,64,3,3,3,1,0,3,1,31,2,2,1,3,2,0,0,1
1,71,0,5,186,0,0,1,0,1,3,2,45,1,0,0,0,1,1,1,1
1,71,0,5,186,0,0,1,1,1,3,2,45,1,0,0,0,1,1,1,1
1,32,4,5,122,2,0,3,0,2,3,0,60,1,2,0,1,1,0,0,1
1,32,4,5,122,2,0,3,1,2,3,0,60,1,2,0,1,1,0,0,1
0,6,2,6,0,0,3,3,0,2,2,1,5,0,2,2,2,1,1,1,1
0,6,2,6,0,0,3,3,1,2,2,1,5,0,2,2,2,1,1,1,1
3,56,0,2,107,4,1,1,0,1,1,0,23,1,0,1,3,1,1,1,1
3,56,0,2,107,4,1,1,1,1,1,0,23,1,0,1,3,1,1,1,1
0,23,4,9,77,0,4,2,0,2,1,1,73,0,1,3,1,2,0,1,1
0,23,4,9,77,0,4,2,1,2,1,1,73,0,1,3,1,2,0,1,1
0,61,4,6,128,4,0,3,0,1,0,1,48,2,1,1,2,1,0,0,1
0,61,4,6,128,4,0,3,1,1,0,1,48,2,1,1,2,1,0,0,1
0,18,1,7,105,0,3,2,0,0,3,0,44,1,2,2,0,2,1,1,1
0,18,1,7,105,0,3,2,1,0,3,0,44,1,2,2,0,2,1,1,1
3,1,0,10,63,2,3,0,0,2,1,1,40,1,0,2,2,0,1,0,0
3,1,0,10,63,2,3,0,1,2,1,1,40,1,0,2,2,0,1,0,0
2,58,4,8,164,1,4,1,0,2,2,1,67,2,1,3,2,0,0,1,1
2,58,4,8,164,1,4,1,1,2,2,1,67,2,1,3,2,0,0,1,1
1,31,0,6,140,2,4,2,0,0,2,3,39,2,1,3,0,0,1,0,0
1,31,0,6,140,2,4,2,1,0,2,3,39,2,1,3,0,0,1,0,0
2,73,2,5,165,3,4,1,0,2,0,2,23,1,2,3,0,1,0,1,1
2,73,2,5,165,3,4,1,1,2,0,2,23,1,2,3,0,1,0,1,1
0,44,2,9,126,1,0,2,0,1,3,1,24,0,2,1,2,0,1,1,0
0,44,2,9,126,1,0,2,1,1,3,1,24,0,2,1,2,0,1,1,0
0,45,2,4,125,3,3,3,0,1,0,1,4,2,1,2,3,1,0,1,0
0,45,2,4,125,3,3,3,1,1,0,1,4,2,1,2,3,1,0,1,0
0,48,4,4,48,0,1,2,0,2,0,0,45,0,0,1,2,1,0,1,0
0,48,4,4,48,0,1,2,1,2,0,0,45,0,0,1,2,1,0,1,0
2,58,1,2,113,1,3,2,0,0,1,0,19,0,2,0,0,0,0,1,0
2,58,1,2,113,1,3,2,1,0,1,0,19,0,2,0,0,0,0,1,0
0,45,1,0,189,2,0,2,0,0,3,0,17,0,0,1,1,0,0,0,1
0,45,1,0,189,2,0,2,1,0,3,0,17,0,0,1,1,0,0,0,1
0,19,2,6,51,1,2,3,0,2,0,0,16,2,2,2,2,1,0,0,0
0,19,2,6,51,1,2,3,1,2,0,0,16,2,2,2,2,1,0,0,0
1,79,0,8,64,4,2,3,0,1,0,1,22,1,0,0,2,1,0,0,0
1,79,0,8,64,4,2,3,1,1,0,1,22,1,0,0,2,1,0,0,0
1,18,1,9,35,0,2,3,0,0,2,0,2,2,0,0,3,0,1,1,1
1,18,1,9,35,0,2,3,1,0,2,0,2,2,0,0,3,0,1,1,1
1,23,4,1,170,2,1,1,0,2,3,1,51,2,1,2,2,0,0,0,1
1,23,4,1,170,2,1,1,1,2,3,1,51,2,1,2,2,0,0,0,1
3,37,0,1,26,4,4,3,0,1,1,2,33,2,2,0,0,1,0,0,1
3,37,0,1,26,4,4,3,1,1,1,2,33,2,2,0,0,1,0,0,1
1,23,0,1,29,1,4,1,0,0,3,2,20,0,1,2,0,2,0,1,0
1,23,0,1,29,1,4,1,1,0,3,2,20,0,1,2,0,2,0,1,0
2,40,3,7,163,0,0,0,0,2,0,1,54,2,2,1,3,2,0,1,1
2,40,3,7,163,0,0,0,1,2,0,1,54,2,2,1,3,2,0,1,1
2,40,3,7,98,2,2,2,0,2,0,2,10,1,0,3,3,0,1,1,1
2,40,3,7,98,2,2,2,1,2,0,2,10,1,0,3,3,0,1,1,1
1,42,2,2,78,3,1,2,0,2,1,0,51,2,1,1,3,0,0,1,1
1,42,2,2,78,3,1,2,1,2,1,0,51,2,1,1,3,0,0,1,1
0,72,3,3,118,1,4,2,0,2,3,2,25,0,1,1,3,2,0,0,0
0,72,3,3,118,1,4,2,1,2,3,2,25,0,1,1,3,2,0,0,0
2,59,1,8,79,1,2,2,0,1,0,2,2,2,2,2,0,0,0,0,0
2,59,1,8,79,1,2,2,1,1,0,2,2,2,2,2,0,0,0,0,0
2,25,4,10,56,3,0,0,0,0,1,2,34,2,2,2,1,0,1,1,1
2,25,4,10,56,3,0,0,1,0,1,2,34,2,2,2,1,0,1,1,1
0,59,0,0,139,3,0,0,0,1,3,0,66,0,1,3,2,1,0,0,1
0,59,0,0,139,3,0,0,1,1,3,0,66,0,1,3,2,1,0,0,1
0,6,2,6,151,4,4,2,0,1,0,1,32,2,0,0,3,2,0,1,1
0,6,2,6,151,4,4,2,1,1,0,1,32,2,0,0,3,2,0,1,1
3,49,0,1,174,4,1,0,0,2,3,3,13,2,0,0,1,0,1,1,1
3,49,0,1,174,4,1,0,1,2,3,3,13,2,0,0,1,0,1,1,1
0,44,4,0,109,1,4,1,0,1,3,3,27,0,0,1,0,2,1,1,0
0,44,4,0,109,1,4,1,1,1,3,3,27,0,0,1,0,2,1,1,0
1,56,2,7,183,3,1,2,0,1,2,1,9,1,0,2,3,0,0,1,1
1,56,2,7,183,3,1,2,1,1,2,1,9,1,0,2,3,0,0,1,1
3,67,2,6,150,0,4,0,0,2,0,3,34,0,2,0,3,2,0,1,1
3,67,2,6,150,0,4,0,1,2,0,3,34,0,2,0,3,2,0,1,1
1,22,3,8,106,4,1,1,0,0,1,3,48,0,1,1,0,1,1,1,1
1,22,3,8,106,4,1,1,1,0,1,3,48,0,1,1,0,1,1,1,1
3,16,0,10,5,2,0,0,0,1,1,0,68,0,0,2,1,2,1,0,1
3,16,0,10,5,2,0,0,1,1,1,0,68,0,0,2,1,2,1,0,1
3,29,3,1,54,3,3,2,0,2,2,0,14,0,2,0,1,0,0,0,1
3,29,3,1,54,3,3,2,1,2,2,0,14,0,2,0,1,0,0,0,1
0,56,3,10,95,1,3,3,0,0,0,3,32,2,0,0,1,0,0,1,0
0,56,3,10,95,1,3,3,1,0,0,3,32,2,0,0,1,0,0,1,0
1,53,1,5,133,2,2,0,0,2,0,1,15,0,1,1,0,1,1,0,1
1,53,1,5,133,2,2,0,1,2,0,1,15,0,1,1,0,1,1,0,1
3,37,3,6,178,1,4,2,0,1,3,0,68,2,2,1,1,0,0,0,1
3,37,3,6,178,1,4,2,1,1,3,0,68,2,2,1,1,0,0,0,1
0,49,3,9,140,1,0,0,0,0,3,2,15,2,2,2,3,2,1,0,0
0,49,3,9,140,1,0,0,1,0,3,2,15,2,2,2,3,2,1,0,0
3,25,1,4,117,1,3,3,0,0,0,3,24,0,2,3,3,1,1,1,1
3,25,1,4,117,1,3,3,1,0,0,3,24,0,2,3,3,1,1,1,1
0,46,3,7,110,3,0,2,0,0,0,1,64,2,0,3,3,2,1,1,1
0,46,3,7,110,3,0,2,1,0,0,1,64,2,0,3,3,2,1,1,1
2,46,1,10,6,0,0,3,0,2,0,2,60,1,2,0,2,2,1,1,1
2,46,1,10,6,0,0,3,1,2,0,2,60,1,2,0,2,2,1,1,1
1,21,1,6,5,0,3,2,0,1,2,2,10,0,1,3,3,1,0,0,1
1,21,1,6,5,0,3,2,1,1,2,2,10,0,1,3,3,1,0,0,1
2,71,4,8,51,4,3,0,0,0,2,0,12,2,0,1,3,2,1,0,0
2,71,4,8,51,4,3,0,1,0,2,0,12,2,0,1,3,2,1,0,0
3,71,1,8,61,2,0,3,0,0,0,2,74,2,1,2,1,0,1,1,0
3,71,1,8,61,2,0,3,1,0,0,2,74,2,1,2,1,0,1,1,0
3,36,1,4,107,3,1,3,0,1,1,1,1,0,2,2,0,0,0,0,1
3,36,1,4,107,3,1,3,1,1,1,1,1,0,2,2,0,0,0,0,1
1,19,0,4,187,1,2,3,0,0,2,3,1,2,1,2,1,1,1,1,1
1,19,0,4,187,1,2,3,1,0,2,3,1,2,1,2,1,1,1,1,1
2,38,3,1,185,3,2,0,0,1,1,2,35,0,1,3,1,1,1,0,1
2,38,3,1,185,3,2,0,1,1,1,2,35,0,1,3,1,1,1,0,1
2,42,1,9,199,4,1,2,0,1,1,3,13,1,0,2,1,1,1,0,1
2,42,1,9,199,4,1,2,1,1,1,3,13,1,0,2,1,1,1,0,1
1,73,1,8,55,1,2,2,0,0,0,0,68,2,0,3,0,2,1,1,0
1,73,1,8,55,1,2,2,1,0,0,0,68,2,0,3,0,2,1,1,0
2,22,0,4,186,2,0,3,0,2,2,1,46,1,2,3,0,2,0,1,1
2,22,0,4,186,2,0,3,1,2,2,1,46,1,2,3,0,2,0,1,1
3,60,3,8,132,3,2,0,0,2,2,0,34,0,1,1,3,0,1,1,1
3,60,3,8,132,3,2,0,1,2,2,0,34,0,1,1,3,0,1,1,1
0,46,2,1,51,0,3,0,0,0,2,2,53,0,2,1,0,1,0,1,1
0,46,2,1,51,0,3,0,1,0,2,2,53,0,2,1,0,1,0,1,1
3,69,0,6,56,2,2,3,0,2,2,3,67,1,1,1,0,2,1,0,1
3,69,0,6,56,2,2,3,1,2,2,3,67,1,1,1,0,2,1,0,1
3,49,4,8,12,4,4,1,0,0,0,1,4,0,2,3,1,0,1,1,1
3,49,4,8,12,4,4,1,1,0,0,1,4,0,2,3,1,0,1,1,1
3,19,4,8,12,4,2,2,0,1,0,3,8,1,2,1,2,1,0,1,1
3,19,4,8,12,4,2,2,1,1,0,3,8,1,2,1,2,1,0,1,1
3,74,2,9,134,3,4,0,0,1,3,1,16,0,2,1,0,2,1,1,1
3,74,2,9,134,3,4,0,1,1,3,1,16,0,2,1,0,2,1,1,1
2,4,3,3,80,0,1,0,0,2,2,0,12,1,1,0,1,0,1,0,0
2,4,3,3,80,0,1,0,1,2,2,0,12,1,1,0,1,0,1,0,0
0,55,1,0,44,1,1,1,0,0,1,3,46,2,2,2,0,1,1,1,0
0,55,1,0,44,1,1,1,1,0,1,3,46,2,2,2,0,1,1,1,0
3,35,0,2,56,3,1,2,0,0,2,3,65,2,1,2,3,2,1,0,1
3,35,0,2,56,3,1,2,1,0,2,3,65,2,1,2,3,2,1,0,1
3,42,3,2,94,3,0,0,0,0,2,3,7,2,1,3,2,2,1,0,1
3,42,3,2,94,3,0,0,1,0,2,3,7,2,1,3,2,2,1,0,1
1,78,1,7,47,2,0,0,0,2,2,0,40,2,0,1,1,2,0,1,1
1,78,1,7,47,2,0,0,1,2,2,0,40,2,0,1,1,2,0,1,1
0,22,0,6,111,0,3,3,0,0,0,3,71,1,2,1,3,2,0,1,1
0,22,0,6,111,0,3,3,1,0,0,3,71,1,2,1,3,2,0,1,1
0,13,2,2,34,2,2,3,0,0,0,0,48,2,0,2,3,1,0,1,1
0,13,2,2,34,2,2,3,1,0,0,0,48,2,0,2,3,1,0,1,1
2,53,4,0,113,1,1,0,0,1,3,0,28,0,2,0,0,1,1,1,0
2,53,4,0,113,1,1,0,1,1,3,0,28,0,2,0,0,1,1,1,0
3,34,1,9,146,0,3,1,0,1,1,1,15,0,0,3,1,0,0,1,1
3,34,1,9,146,0,3,1,1,1,1,1,15,0,0,3,1,0,0,1,1
3,24,0,1,64,0,0,0,0,2,3,0,43,2,1,3,1,1,0,1,0
3,24,0,1,64,0,0,0,1,2,3,0,43,2,1,3,1,1,0,1,0
0,32,3,7,117,0,4,2,0,2,1,3,8,1,0,3,0,1,1,0,1
0,32,3,7,117,0,4,2,1,2,1,3,8,1,0,3,0,1,1,0,1
1,42,3,7,93,3,0,2,0,2,2,1,12,0,1,0,3,1,1,1,0
1,42,3,7,93,3,0,2,1,2,2,1,12,0,1,0,3,1,1,1,0
2,46,3,0,123,0,3,2,0,2,0,2,13,1,0,3,3,0,1,1,0
2,46,3,0,123,0,3,2,1,2,0,2,13,1,0,3,3,0,1,1,0
3,64,2,5,21,3,2,0,0,2,1,3,27,1,2,0,1,1,0,1,1
3,64,2,5,21,3,2,0,1,2,1,3,27,1,2,0,1,1,0,1,1
0,24,0,6,193,4,4,1,0,1,2,1,44,2,2,3,1,1,0,0,1
0,24,0,6,193,4,4,1,1,1,2,1,44,2,2,3,1,1,0,0,1
1,65,4,7,32,3,4,3,0,1,0,2,21,2,1,3,1,1,1,0,1
1,65,4,7,32,3,4,3,1,1,0,2,21,2,1,3,1,1,1,0,1
2,19,2,6,14,1,3,3,0,0,1,0,35,1,2,1,1,2,1,0,1
2,19,2,6,14,1,3,3,1,0,1,0,35,1,2,1,1,2,1,0,1
2,38,0,8,44,2,4,1,0,2,3,0,58,2,1,0,1,2,1,1,0
2,38,0,8,44,2,4,1,1,2,3,0,58,2,1,0,1,2,1,1,0
2,17,3,2,164,3,0,0,0,2,3,1,29,0,2,0,1,2,0,1,1
2,17,3,2,164,3,0,0,1,2,3,1,29,0,2,0,1,2,0,1,1
1,36,3,2,64,0,2,1,0,2,1,3,21,1,1,2,1,0,0,0,0
1,36,3,2,64,0,2,1,1,2,1,3,21,1,1,2,1,0,0,0,0
1,15,1,9,92,1,1,2,0,2,0,2,30,0,1,1,3,0,0,1,0
1,15,1,9,92,1,1,2,1,2,0,2,30,0,1,1,3,0,0,1,0
2,72,1,8,142,2,4,0,0,1,0,2,26,1,2,3,0,2,1,1,1
2,72,1,8,142,2,4,0,1,1,0,2,26,1,2,3,0,2,1,1,1
1,12,4,7,94,4,3,2,0,0,1,3,33,0,1,2,2,2,1,0,1
1,12,4,7,94,4,3,2,1,0,1,3,33,0,1,2,2,2,1,0,1
3,3,0,7,39,4,2,1,0,2,0,1,61,1,2,2,1,1,1,0,1
3,3,0,7,39,4,2,1,1,2,0,1,61,1,2,2,1,1,1,0,1
3,39,1,6,112,4,0,0,0,1,0,0,71,2,0,0,3,1,1,0,1
3,39,1,6,112,4,0,0,1,1,0,0,71,2,0,0,3,1,1,0,1
3,40,1,7,145,2,2,2,0,0,3,3,38,2,2,2,2,0,1,0,0
3,40,1,7,145,2,2,2,1,0,3,3,38,2,2,2,2,0,1,0,0
1,45,4,6,68,1,1,3,0,0,0,2,47,0,1,3,1,2,1,1,0
1,45,4,6,68,1,1,3,1,0,0,2,47,0,1,3,1,2,1,1,0
0,20,4,8,196,1,3,1,0,1,3,0,42,2,0,3,0,0,1,0,1
0,20,4,8,196,1,3,1,1,1,3,0,42,2,0,3,0,0,1,0,1
1,14,4,3,89,2,4,3,0,1,0,1,17,0,1,1,3,2,1,0,0
1,14,4,3,89,2,4,3,1,1,0,1,17,0,1,1,3,2,1,0,0
2,74,4,4,97,1,3,1,0,1,3,1,71,1,2,2,1,1,1,1,1
2,74,4,4,97,1,3,1,1,1,3,1,71,1,2,2,1,1,1,1,1
2,13,0,3,123,3,3,1,0,0,3,3,42,0,1,2,0,0,1,1,0
2,13,0,3,123,3,3,1,1,0,3,3,42,0,1,2,0,0,1,1,0
0,21,3,4,196,1,1,2,0,2,2,2,19,0,0,3,3,1,0,1,1
0,21,3,4,196,1,1,2,1,2,2,2,19,0,0,3,3,1,0,1,1
2,45,1,9,197,1,0,1,0,0,1,3,74,2,2,3,2,1,0,1,1
2,45,1,9,197,1,0,1,1,0,1,3,74,2,2,3,2,1,0,1,1
0,73,1,9,120,4,0,3,0,1,3,0,51,1,2,0,3,1,1,1,1
0,73,1,9,120,4,0,3,1,1,3,0,51,1,2,0,3,1,1,1,1
3,9,4,4,134,1,2,1,0,2,0,0,69,1,2,0,1,1,0,0,1
3,9,4,4,134,1,2,1,1,2,0,0,69,1,2,0,1,1,0,0,1
0,45,2,2,24,0,1,3,0,0,2,3,52,0,1,0,0,2,1,1,1
0,45,2,2,24,0,1,3,1,0,2,3,52,0,1,0,0,2,1,1,1
2,40,2,1,139,3,1,1,0,1,2,1,41,0,0,2,0,2,0,0,1
2,40,2,1,139,3,1,1,1,1,2,1,41,0,0,2,0,2,0,0,1
1,50,1,5,90,0,3,2,0,1,2,0,56,1,0,3,1,2,0,1,0
1,50,1,5,90,0,3,2,1,1,2,0,56,1,0,3,1,2,0,1,0
0,41,3,8,164,2,1,2,0,2,0,0,23,2,0,3,0,0,0,0,1
0,41,3,8,164,2,1,2,1,2,0,0,23,2,0,3,0,0,0,0,1
1,23,1,9,142,1,4,3,0,2,0,1,71,1,0,0,3,1,1,0,1
1,23,1,9,142,1,4,3,1,2,0,1,71,1,0,0,3,1,1,0,1
0,59,4,7,104,3,4,2,0,1,0,2,36,2,2,0,3,2,0,0,1
0,59,4,7,104,3,4,2,1,1,0,2,36,2,2,0,3,2,0,0,1
2,14,3,1,44,0,3,1,0,1,2,1,46,2,2,0,3,2,0,0,1
2,14,3,1,44,0,3,1,1,1,2,1,46,2,2,0,3,2,0,0,1
0,45,0,8,142,0,2,1,0,0,0,1,52,0,1,3,0,2,0,0,1
0,45,0,8,142,0,2,1,1,0,0,1,52,0,1,3,0,2,0,0,1
3,39,4,4,78,3,2,2,0,2,1,0,43,2,2,3,0,2,0,1,1
3,39,4,4,78,3,2,2,1,2,1,0,43,2,2,3,0,2,0,1,1
0,50,4,10,182,0,3,3,0,0,1,3,29,2,1,0,1,2,0,1,1
0,50,4,10,182,0,3,3,1,0,1,3,29,2,1,0,1,2,0,1,1
1,65,1,1,41,0,3,3,0,1,2,2,22,0,2,2,1,0,1,1,1
1,65,1,1,41,0,3,3,1,1,2,2,22,0,2,2,1,0,1,1,1
1,27,4,0,40,4,1,1,0,2,3,1,7,1,2,1,0,1,0,0,1
1,27,4,0,40,4,1,1,1,2,3,1,7,1,2,1,0,1,0,0,1
0,20,0,5,50,4,4,2,0,0,3,2,49,2,1,0,2,2,1,0,0
0,20,0,5,50,4,4,2,1,0,3,2,49,2,1,0,2,2,1,0,0
0,49,0,8,166,2,3,2,0,0,2,0,18,2,2,3,2,1,1,0,1
0,49,0,8,166,2,3,2,1,0,2,0,18,2,2,3,2,1,1,0,1
3,57,0,10,87,4,4,0,0,1,2,1,61,1,2,1,0,2,1,0,1
3,57,0,10,87,4,4,0,1,1,2,1,61,1,2,1,0,2,1,0,1
0,20,3,8,156,2,4,1,0,2,0,1,29,0,1,0,0,2,1,1,0
0,20,3,8,156,2,4,1,1,2,0,1,29,0,1,0,0,2,1,1,0
2,50,4,5,86,3,3,3,0,2,1,3,30,2,1,1,3,1,0,1,0
2,50,4,5,86,3,3,3,1,2,1,3,30,2,1,1,3,1,0,1,0
2,2,4,10,154,3,2,0,0,2,0,0,26,0,2,3,1,1,1,1,1
2,2,4,10,154,3,2,0,1,2,0,0,26,0,2,3,1,1,1,1,1
2,74,2,4,184,1,0,2,0,2,2,2,29,0,1,0,3,1,0,0,0
2,74,2,4,184,1,0,2,1,2,2,2,29,0,1,0,3,1,0,0,0
1,10,1,5,169,3,4,0,0,0,1,0,26,1,0,2,0,0,1,0,1
1,10,1,5,169,3,4,0,1,0,1,0,26,1,0,2,0,0,1,0,1
3,22,3,3,161,0,1,1,0,2,0,2,30,2,1,1,0,0,1,1,1
3,22,3,3,161,0,1,1,1,2,0,2,30,2,1,1,0,0,1,1,1
3,51,3,3,87,3,2,0,0,0,0,3,36,1,0,2,2,1,0,0,1
3,51,3,3,87,3,2,0,1,0,0,3,36,1,0,2,2,1,0,0,1
1,55,2,9,149,2,3,1,0,2,3,1,55,1,0,2,0,0,1,0,1
1,55,2,9,149,2,3,1,1,2,3,1,55,1,0,2,0,0,1,0,1
3,13,2,8,166,3,4,0,0,2,0,3,37,0,2,1,1,2,0,1,1
3,13,2,8,166,3,4,0,1,2,0,3,37,0,2,1,1,2,0,1,1
3,59,2,9,9,3,0,3,0,2,2,0,26,2,1,2,3,0,0,1,1
3,59,2,9,9,3,0,3,1,2,2,0,26,2,1,2,3,0,0,1,1
3,15,2,3,51,3,0,3,0,1,1,2,31,0,1,3,2,2,0,1,1
3,15,2,3,51,3,0,3,1,1,1,2,31,0,1,3,2,2,0,1,1
1,40,3,1,179,1,2,1,0,2,1,1,40,1,1,1,0,0,0,1,1
1,40,3,1,179,1,2,1,1,2,1,1,40,1,1,1,0,0,0,1,1
3,43,2,2,92,4,2,2,0,1,2,2,30,1,0,3,0,0,0,1,0
3,43,2,2,92,4,2,2,1,1,2,2,30,1,0,3,0,0,0,1,0
1,9,2,0,170,2,3,2,0,1,0,2,18,2,2,1,0,2,0,0,1
1,9,2,0,170,2,3,2,1,1,0,2,18,2,2,1,0,2,0,0,1
1,18,0,8,130,1,4,1,0,1,1,3,59,2,0,1,0,2,1,1,1
1,18,0,8,130,1,4,1,1,1,1,3,59,2,0,1,0,2,1,1,1
0,7,2,7,171,4,0,2,0,2,3,1,51,1,0,3,2,2,0,1,1
0,7,2,7,171,4,0,2,1,2,3,1,51,1,0,3,2,2,0,1,1
0,33,3,0,169,3,2,0,0,1,3,2,59,0,0,1,1,0,1,0,1
0,33,3,0,169,3,2,0,1,1,3,2,59,0,0,1,1,0,1,0,1
3,31,4,10,3,4,2,1,0,1,0,1,54,2,2,2,2,1,0,0,1
3,31,4,10,3,4,2,1,1,1,0,1,54,2,2,2,2,1,0,0,1
1,12,0,10,124,1,0,2,0,2,1,2,64,0,2,2,1,0,0,0,1
1,12,0,10,124,1,0,2,1,2,1,2,64,0,2,2,1,0,0,0,1
2,55,4,2,175,4,3,2,0,0,2,1,56,1,0,2,1,0,1,0,1
2,55,4,2,175,4,3,2,1,0,2,1,56,1,0,2,1,0,1,0,1
2,53,4,8,188,4,2,0,0,1,0,2,28,1,2,2,0,0,0,0,1
2,53,4,8,188,4,2,0,1,1,0,2,28,1,2,2,0,0,0,0,1
3,29,3,9,9,1,1,0,0,1,1,0,23,1,2,0,3,0,0,1,0
3,29,3,9,9,1,1,0,1,1,1,0,23,1,2,0,3,0,0,1,0
2,79,0,2,1,2,2,0,0,2,1,0,37,1,2,2,2,1,0,0,1
2,79,0,2,1,2,2,0,1,2,1,0,37,1,2,2,2,1,0,0,1
2,79,4,7,1,4,2,2,0,2,3,2,13,0,2,2,0,0,0,1,1
2,79,4,7,1,4,2,2,1,2,3,2,13,0,2,2,0,0,0,1,1
3,65,0,4,15,4,3,1,0,1,2,0,19,0,0,2,0,1,0,0,1
3,65,0,4,15,4,3,1,1,1,2,0,19,0,0,2,0,1,0,0,1
1,7,2,5,193,4,2,3,0,2,0,1,40,1,1,1,3,0,0,1,1
1,7,2,5,193,4,2,3,1,2,0,1,40,1,1,1,3,0,0,1,1
1,65,4,6,126,4,0,0,0,0,1,2,28,2,2,3,2,1,1,0,0
1,65,4,6,126,4,0,0,1,0,1,2,28,2,2,3,2,1,1,0,0
3,79,0,3,110,2,4,2,0,2,3,2,6,1,0,2,0,2,1,1,1
3,79,0,3,110,2,4,2,1,2,3,2,6,1,0,2,0,2,1,1,1
3,8,0,4,125,4,0,2,0,1,0,0,41,1,0,2,2,1,0,0,0
3,8,0,4,125,4,0,2,1,1,0,0,41,1,0,2,2,1,0,0,0
1,76,3,5,107,1,3,0,0,2,2,3,1,1,1,0,2,0,0,0,1
1,76,3,5,107,1,3,0,1,2,2,3,1,1,1,0,2,0,0,0,1
1,25,3,7,76,2,0,2,0,0,2,1,69,2,0,1,1,1,0,0,0
1,25,3,7,76,2,0,2,1,0,2,1,69,2,0,1,1,1,0,0,0
3,21,4,6,46,3,3,2,0,0,0,2,17,1,2,3,2,2,0,0,1
3,21,4,6,46,3,3,2,1,0,0,2,17,1,2,3,2,2,0,0,1
3,72,1,9,103,0,2,2,0,1,0,1,32,0,2,1,0,1,0,0,1
3,72,1,9,103,0,2,2,1,1,0,1,32,0,2,1,0,1,0,0,1
3,60,2,8,104,0,4,0,0,0,2,0,66,2,2,2,0,2,1,1,1
3,60,2,8,104,0,4,0,1,0,2,0,66,2,2,2,0,2,1,1,1
0,71,2,3,97,0,4,0,0,2,0,0,68,0,0,3,3,1,0,0,1
0,71,2,3,97,0,4,0,1,2,0,0,68,0,0,3,3,1,0,0,1
2,2,1,2,117,4,3,1,0,0,1,3,56,0,0,0,2,2,0,1,1
2,2,1,2,117,4,3,1,1,0,1,3,56,0,0,0,2,2,0,1,1
0,50,0,4,9,3,4,3,0,1,2,1,33,0,0,0,0,2,0,1,0
0,50,0,4,9,3,4,3,1,1,2,1,33,0,0,0,0,2,0,1,0
2,70,1,8,198,3,1,0,0,2,0,2,2,1,1,0,2,0,0,1,1
2,70,1,8,198,3,1,0,1,2,0,2,2,1,1,0,2,0,0,1,1
1,75,2,6,30,3,1,1,0,1,0,3,13,0,1,1,3,0,1,1,1
1,75,2,6,30,3,1,1,1,1,0,3,13,0,1,1,3,0,1,1,1
2,62,1,7,33,2,1,2,0,0,2,0,1,1,2,3,3,1,0,0,1
2,62,1,7,33,2,1,2,1,0,2,0,1,1,2,3,3,1,0,0,1
2,12,0,8,126,2,1,1,0,1,1,0,65,2,1,3,1,0,1,1,0
2,12,0,8,126,2,1,1,1,1,1,0,65,2,1,3,1,0,1,1,0
3,54,4,1,13,2,0,1,0,0,3,2,73,1,1,2,1,1,1,1,1
3,54,4,1,13,2,0,1,1,0,3,2,73,1,1,2,1,1,1,1,1
1,47,2,6,158,2,2,3,0,1,1,3,15,0,1,1,0,1,0,0,1
1,47,2,6,158,2,2,3,1,1,1,3,15,0,1,1,0,1,0,0,1
3,19,4,7,33,2,4,2,0,0,3,1,20,1,0,2,1,0,1,0,1
3,19,4,7,33,2,4,2,1,0,3,1,20,1,0,2,1,0,1,0,1
3,22,2,8,153,2,3,3,0,2,0,0,44,0,1,2,3,2,1,1,1
3,22,2,8,153,2,3,3,1,2,0,0,44,0,1,2,3,2,1,1,1
0,6,3,10,3,3,2,3,0,0,1,2,51,1,2,1,2,0,1,0,1
0,6,3,10,3,3,2,3,1,0,1,2,51,1,2,1,2,0,1,0,1
1,18,3,2,110,2,1,1,0,2,3,0,34,2,1,3,0,1,0,0,1
1,18,3,2,110,2,1,1,1,2,3,0,34,2,1,3,0,1,0,0,1
2,70,2,9,189,1,3,1,0,2,1,0,24,1,2,3,3,1,0,1,1
2,70,2,9,189,1,3,1,1,2,1,0,24,1,2,3,3,1,0,1,1
2,11,3,0,46,2,1,3,0,1,0,2,19,2,0,1,2,2,0,0,0
2,11,3,0,46,2,1,3,1,1,0,2,19,2,0,1,2,2,0,0,0
1,58,4,4,4,4,4,2,0,1,1,0,19,2,2,2,0,0,1,0,1
1,58,4,4,4,4,4,2,1,1,1,0,19,2,2,2,0,0,1,0,1
3,3,1,5,131,2,3,3,0,2,2,3,44,2,1,1,2,1,0,1,1
3,3,1,5,131,2,3,3,1,2,2,3,44,2,1,1,2,1,0,1,1
2,16,2,6,147,0,4,3,0,0,0,3,3,0,1,3,1,2,0,0,0
2,16,2,6,147,0,4,3,1,0,0,3,3,0,1,3,1,2,0,0,0
3,14,3,6,77,4,4,1,0,1,3,2,1,1,0,1,0,0,0,0,1
3,14,3,6,77,4,4,1,1,1,3,2,1,1,0,1,0,0,0,0,1
3,71,1,8,180,0,1,1,0,0,3,1,65,0,1,1,0,0,1,1,1
3,71,1,8,180,0,1,1,1,0,3,1,65,0,1,1,0,0,1,1,1
3,13,2,2,157,2,0,3,0,2,0,2,43,1,1,0,2,1,1,0,1
3,13,2,2,157,2,0,3,1,2,0,2,43,1,1,0,2,1,1,0,1
1,34,4,4,101,4,0,1,0,1,2,2,15,2,2,0,0,1,1,1,0
1,34,4,4,101,4,0,1,1,1,2,2,15,2,2,0,0,1,1,1,0
2,62,4,8,57,3,2,0,0,2,1,2,14,2,2,2,2,1,0,1,1
2,62,4,8,57,3,2,0,1,2,1,2,14,2,2,2,2,1,0,1,1
2,21,1,10,57,2,4,0,0,0,0,1,66,1,2,3,3,2,0,1,1
2,21,1,10,57,2,4,0,1,0,0,1,66,1,2,3,3,2,0,1,1
2,39,2,10,99,2,2,1,0,0,3,0,61,1,1,2,2,1,0,0,0
2,39,2,10,99,2,2,1,1,0,3,0,61,1,1,2,2,1,0,0,0
0,12,0,10,70,2,1,0,0,2,0,1,21,1,2,1,3,1,1,1,1
0,12,0,10,70,2,1,0,1,2,0,1,21,1,2,1,3,1,1,1,1
3,68,2,10,169,3,0,2,0,2,3,3,7,2,2,0,0,2,1,1,1
3,68,2,10,169,3,0,2,1,2,3,3,7,2,2,0,0,2,1,1,1
2,30,2,3,171,3,3,2,0,1,1,3,44,1,1,1,1,2,0,0,1
2,30,2,3,171,3,3,2,1,1,1,3,44,1,1,1,1,2,0,0,1
2,11,1,8,25,1,1,1,0,2,0,3,21,1,2,0,0,2,0,1,1
2,11,1,8,25,1,1,1,1,2,0,3,21,1,2,0,0,2,0,1,1
3,58,4,7,39,4,4,3,0,2,2,2,49,2,2,0,0,2,0,0,1
3,58,4,7,39,4,4,3,1,2,2,2,49,2,2,0,0,2,0,0,1
1,2,4,6,39,4,1,0,0,0,3,0,49,2,1,1,2,1,0,1,1
1,2,4,6,39,4,1,0,1,0,3,0,49,2,1,1,2,1,0,1,1
0,56,3,3,138,3,3,2,0,0,0,1,14,0,0,3,0,2,0,1,1
0,56,3,3,138,3,3,2,1,0,0,1,14,0,0,3,0,2,0,1,1
3,8,4,2,114,3,2,1,0,2,0,2,61,0,0,3,3,2,0,1,1
3,8,4,2,114,3,2,1,1,2,0,2,61,0,0,3,3,2,0,1,1
3,32,2,5,113,4,3,1,0,0,0,1,39,2,0,3,0,1,0,0,0
3,32,2,5,113,4,3,1,1,0,0,1,39,2,0,3,0,1,0,0,0
0,2,4,0,91,3,4,1,0,0,3,3,66,2,2,1,3,0,0,0,1
0,2,4,0,91,3,4,1,1,0,3,3,66,2,2,1,3,0,0,0,1
3,2,3,3,88,0,3,2,0,2,3,2,60,2,1,1,0,2,0,1,1
3,2,3,3,88,0,3,2,1,2,3,2,60,2,1,1,0,2,0,1,1
2,18,4,7,122,4,1,3,0,0,2,1,4,2,0,2,3,0,0,0,1
2,18,4,7,122,4,1,3,1,0,2,1,4,2,0,2,3,0,0,0,1
3,61,3,3,76,4,1,1,0,2,0,1,36,2,2,3,2,1,0,0,0
3,61,3,3,76,4,1,1,1,2,0,1,36,2,2,3,2,1,0,0,0
0,0,4,7,14,2,2,1,0,2,1,2,34,1,2,1,0,2,1,1,1
0,0,4,7,14,2,2,1,1,2,1,2,34,1,2,1,0,2,1,1,1
3,7,1,7,35,0,2,3,0,0,0,0,71,2,0,3,0,2,1,0,1
3,7,1,7,35,0,2,3,1,0,0,0,71,2,0,3,0,2,1,0,1
2,62,3,1,91,3,4,1,0,0,2,1,45,2,2,1,0,1,0,0,1
2,62,3,1,91,3,4,1,1,0,2,1,45,2,2,1,0,1,0,0,1
3,45,4,7,16,0,1,3,0,1,1,3,54,2,2,1,0,0,0,0,1
3,45,4,7,16,0,1,3,1,1,1,3,54,2,2,1,0,0,0,0,1
2,77,3,5,72,2,2,1,0,2,2,0,6,1,0,1,2,2,1,1,1
2,77,3,5,72,2,2,1,1,2,2,0,6,1,0,1,2,2,1,1,1
3,68,4,5,143,2,2,1,0,0,0,2,29,0,0,0,2,0,0,0,0
3,68,4,5,143,2,2,1,1,0,0,2,29,0,0,0,2,0,0,0,0
1,51,3,10,23,0,0,0,0,1,0,0,25,1,0,2,1,2,0,0,0
1,51,3,10,23,0,0,0,1,1,0,0,25,1,0,2,1,2,0,0,0
3,20,3,3,198,0,4,3,0,2,1,1,31,1,0,1,0,1,0,1,1
3,20,3,3,198,0,4,3,1,2,1,1,31,1,0,1,0,1,0,1,1
0,50,0,1,28,4,1,3,0,2,0,2,14,2,0,2,3,1,0,0,1
0,50,0,1,28,4,1,3,1,2,0,2,14,2,0,2,3,1,0,0,1
0,42,0,10,79,1,3,3,0,2,2,2,4,2,1,1,3,1,0,0,0
0,42,0,10,79,1,3,3,1,2,2,2,4,2,1,1,3,1,0,0,0
3,5,2,3,118,3,0,3,0,2,1,0,55,0,2,2,0,2,1,0,0
3,5,2,3,118,3,0,3,1,2,1,0,55,0,2,2,0,2,1,0,0
1,64,1,8,9,0,3,3,0,1,3,1,36,1,2,2,2,1,1,0,1
1,64,1,8,9,0,3,3,1,1,3,1,36,1,2,2,2,1,1,0,1
3,1,1,8,122,3,1,2,0,2,3,2,65,0,2,0,3,2,1,1,1
3,1,1,8,122,3,1,2,1,2,3,2,65,0,2,0,3,2,1,1,1
3,41,1,1,51,3,2,0,0,0,3,1,35,1,2,3,1,2,1,1,0
3,41,1,1,51,3,2,0,1,0,3,1,35,1,2,3,1,2,1,1,0
2,20,0,6,164,0,4,0,0,2,3,3,0,2,0,2,0,0,0,0,1
2,20,0,6,164,0,4,0,1,2,3,3,0,2,0,2,0,0,0,0,1
0,45,2,7,74,2,4,3,0,1,3,3,43,0,2,1,3,2,0,1,1
0,45,2,7,74,2,4,3,1,1,3,3,43,0,2,1,3,2,0,1,1
2,13,0,6,44,4,2,1,0,0,1,0,11,1,0,0,0,1,0,0,1
2,13,0,6,44,4,2,1,1,0,1,0,11,1,0,0,0,1,0,0,1
3,56,2,5,10,4,3,2,0,2,0,0,11,1,2,0,0,2,0,0,1
3,56,2,5,10,4,3,2,1,2,0,0,11,1,2,0,0,2,0,0,1
0,68,0,4,177,1,3,3,0,2,2,0,38,1,1,0,1,1,0,1,1
0,68,0,4,177,1,3,3,1,2,2,0,38,1,1,0,1,1,0,1,1
2,11,1,5,138,0,1,3,0,0,0,1,24,2,1,3,1,0,0,0,1
2,11,1,5,138,0,1,3,1,0,0,1,24,2,1,3,1,0,0,0,1
0,28,4,2,21,2,3,2,0,0,0,2,18,0,1,1,2,0,1,0,1
0,28,4,2,21,2,3,2,1,0,0,2,18,0,1,1,2,0,1,0,1
1,33,3,0,101,1,0,3,0,2,2,0,0,0,1,0,2,2,0,1,0
1,33,3,0,101,1,0,3,1,2,2,0,0,0,1,0,2,2,0,1,0
0,58,1,8,154,3,4,2,0,1,1,0,72,1,0,1,1,1,1,0,1
0,58,1,8,154,3,4,2,1,1,1,0,72,1,0,1,1,1,1,0,1
1,41,2,8,134,1,1,3,0,1,1,1,10,0,2,0,1,1,0,1,1
1,41,2,8,134,1,1,3,1,1,1,1,10,0,2,0,1,1,0,1,1
0,76,3,9,105,3,3,3,0,2,2,2,33,0,0,0,1,0,0,1,1
0,76,3,9,105,3,3,3,1,2,2,2,33,0,0,0,1,0,0,1,1
0,46,3,5,70,3,0,0,0,0,1,2,68,2,0,3,0,1,0,1,1
0,46,3,5,70,3,0,0,1,0,1,2,68,2,0,3,0,1,0,1,1
0,32,0,0,5,3,4,0,0,2,2,1,33,0,2,3,1,2,0,0,1
0,32,0,0,5,3,4,0,1,2,2,1,33,0,2,3,1,2,0,0,1
3,6,1,1,192,0,1,0,0,2,3,0,6,2,2,0,3,2,1,0,1
3,6,1,1,192,0,1,0,1,2,3,0,6,2,2,0,3,2,1,0,1
2,2,4,5,93,2,0,0,0,1,1,2,11,1,1,1,2,2,0,1,0
2,2,4,5,93,2,0,0,1,1,1,2,11,1,1,1,2,2,0,1,0
0,12,0,7,192,0,2,2,0,0,3,1,38,2,1,1,1,2,1,1,1
0,12,0,7,192,0,2,2,1,0,3,1,38,2,1,1,1,2,1,1,1
1,27,0,10,30,1,1,1,0,2,1,0,55,1,0,1,3,1,1,0,1
1,27,0,10,30,1,1,1,1,2,1,0,55,1,0,1,3,1,1,0,1
3,4,0,0,1,2,1,3,0,1,0,3,6,1,2,2,2,1,1,1,1
3,4,0,0,1,2,1,3,1,1,0,3,6,1,2,2,2,1,1,1,1
1,49,4,8,101,1,3,2,0,0,3,2,13,2,0,0,1,0,1,0,0
1,49,4,8,101,1,3,2,1,0,3,2,13,2,0,0,1,0,1,0,0
2,5,4,10,48,4,2,1,0,0,1,3,0,1,1,0,2,1,1,0,0
2,5,4,10,48,4,2,1,1,0,1,3,0,1,1,0,2,1,1,0,0
2,15,3,9,102,3,2,2,0,1,2,0,59,0,0,0,2,1,0,1,0
2,15,3,9,102,3,2,2,1,1,2,0,59,0,0,0,2,1,0,1,0
3,70,4,2,61,0,3,1,0,2,3,1,17,1,1,2,1,0,1,0,0
3,70,4,2,61,0,3,1,1,2,3,1,17,1,1,2,1,0,1,0,0
3,55,4,10,170,1,0,2,0,1,1,3,36,1,1,3,1,0,0,0,1
3,55,4,10,170,1,0,2,1,1,1,3,36,1,1,3,1,0,0,0,1
1,61,2,0,86,0,1,2,0,2,3,2,8,2,0,2,1,0,1,1,0
1,61,2,0,86,0,1,2,1,2,3,2,8,2,0,2,1,0,1,1,0
2,10,3,3,192,2,2,2,0,2,0,0,24,0,0,2,1,0,0,1,1
2,10,3,3,192,2,2,2,1,2,0,0,24,0,0,2,1,0,0,1,1
2,41,4,1,36,2,0,2,0,2,2,3,45,1,0,2,0,1,1,0,1
2,41,4,1,36,2,0,2,1,2,2,3,45,1,0,2,0,1,1,0,1
3,24,3,2,88,3,0,3,0,0,1,2,71,2,0,1,0,0,0,0,1
3,24,3,2,88,3,0,3,1,0,1,2,71,2,0,1,0,0,0,0,1
0,38,3,0,37,0,0,1,0,0,0,0,41,1,0,0,0,1,1,1,1
0,38,3,0,37,0,0,1,1,0,0,0,41,1,0,0,0,1,1,1,1
1,16,1,6,157,3,3,3,0,2,2,1,64,2,0,1,0,1,0,0,1
1,16,1,6,157,3,3,3,1,2,2,1,64,2,0,1,0,1,0,0,1
1,62,4,1,144,1,1,1,0,1,0,0,71,1,2,1,3,0,1,1,0
1,62,4,1,144,1,1,1,1,1,0,0,71,1,2,1,3,0,1,1,0
2,46,3,1,40,0,3,1,0,1,1,3,3,2,0,2,0,1,1,0,0
2,46,3,1,40,0,3,1,1,1,1,3,3,2,0,2,0,1,1,0,0
3,19,2,4,69,1,3,3,0,1,1,0,6,1,0,1,2,0,0,0,0
3,19,2,4,69,1,3,3,1,1,1,0,6,1,0,1,2,0,0,0,0
0,33,2,2,192,1,4,0,0,0,0,2,0,1,0,0,1,2,1,0,1
0,33,2,2,192,1,4,0,1,0,0,2,0,1,0,0,1,2,1,0,1
2,66,1,8,151,0,0,0,0,2,1,3,57,0,2,2,0,2,1,1,1
2,66,1,8,151,0,0,0,1,2,1,3,57,0,2,2,0,2,1,1,1
0,12,2,10,192,3,0,0,0,0,1,2,55,1,2,2,0,1,1,1,1
0,12,2,10,192,3,0,0,1,0,1,2,55,1,2,2,0,1,1,1,1
3,74,1,6,65,4,0,1,0,2,0,2,58,0,0,1,0,1,0,0,1
3,74,1,6,65,4,0,1,1,2,0,2,58,0,0,1,0,1,0,0,1
3,72,1,10,80,3,2,1,0,1,0,1,39,2,1,3,3,2,0,0,1
3,72,1,10,80,3,2,1,1,1,0,1,39,2,1,3,3,2,0,0,1
1,76,0,6,150,2,2,3,0,0,0,1,35,2,2,2,2,0,0,0,1
1,76,0,6,150,2,2,3,1,0,0,1,35,2,2,2,2,0,0,0,1
3,50,0,7,12,4,1,3,0,0,2,2,66,1,0,0,0,0,1,1,1
3,50,0,7,12,4,1,3,1,0,2,2,66,1,0,0,0,0,1,1,1
2,2,2,5,68,3,4,2,0,2,0,2,0,0,2,2,1,0,0,0,0
2,2,2,5,68,3,4,2,1,2,0,2,0,0,2,2,1,0,0,0,0
1,12,2,4,152,1,1,3,0,1,1,3,32,1,0,0,2,2,1,0,1
1,12,2,4,152,1,1,3,1,1,1,3,32,1,0,0,2,2,1,0,1
0,68,0,1,126,2,1,3,0,0,3,1,8,1,0,1,2,1,0,1,0
0,68,0,1,126,2,1,3,1,0,3,1,8,1,0,1,2,1,0,1,0
1,50,3,5,31,4,0,3,0,2,3,0,42,2,2,1,0,1,0,1,1
1,50,3,5,31,4,0,3,1,2,3,0,42,2,2,1,0,1,0,1,1
1,42,2,4,195,3,4,1,0,1,1,3,8,1,0,1,2,0,0,0,1
1,42,2,4,195,3,4,1,1,1,1,3,8,1,0,1,2,0,0,0,1
3,75,4,10,186,0,0,3,0,0,1,0,57,2,0,3,1,2,0,0,1
3,75,4,10,186,0,0,3,1,0,1,0,57,2,0,3,1,2,0,0,1
2,31,3,6,24,0,1,1,0,1,2,0,20,1,0,2,1,1,1,1,1
2,31,3,6,24,0,1,1,1,1,2,0,20,1,0,2,1,1,1,1,1
0,48,2,5,25,1,3,0,0,0,0,0,46,2,0,1,0,2,0,1,1
0,48,2,5,25,1,3,0,1,0,0,0,46,2,0,1,0,2,0,1,1
3,71,3,8,99,3,4,0,0,2,2,2,30,2,0,1,0,2,1,1,0
3,71,3,8,99,3,4,0,1,2,2,2,30,2,0,1,0,2,1,1,0
2,5,2,10,115,3,0,2,0,0,2,1,60,0,2,2,3,1,0,1,0
2,5,2,10,115,3,0,2,1,0,2,1,60,0,2,2,3,1,0,1,0
0,13,1,6,41,4,4,1,0,1,2,0,40,2,2,0,0,1,0,1,0
0,13,1,6,41,4,4,1,1,1,2,0,40,2,2,0,0,1,0,1,0
0,34,0,0,98,1,2,1,0,0,2,0,61,1,1,0,2,2,0,0,1
0,34,0,0,98,1,2,1,1,0,2,0,61,1,1,0,2,2,0,0,1
2,61,3,10,50,3,2,1,0,2,0,0,36,0,0,2,3,0,1,1,0
2,61,3,10,50,3,2,1,1,2,0,0,36,0,0,2,3,0,1,1,0
0,74,4,3,95,3,2,0,0,1,1,2,48,2,0,0,1,2,1,0,0
0,74,4,3,95,3,2,0,1,1,1,2,48,2,0,0,1,2,1,0,0
0,22,3,4,159,1,2,0,0,1,0,3,73,1,2,2,1,1,1,0,0
0,22,3,4,159,1,2,0,1,1,0,3,73,1,2,2,1,1,1,0,0
1,41,0,7,74,3,4,2,0,2,3,2,74,1,0,1,3,2,0,0,1
1,41,0,7,74,3,4,2,1,2,3,2,74,1,0,1,3,2,0,0,1
2,53,4,7,56,4,1,0,0,2,0,3,16,2,1,1,0,1,1,0,1
2,53,4,7,56,4,1,0,1,2,0,3,16,2,1,1,0,1,1,0,1
0,35,1,5,55,4,2,3,0,1,1,3,71,1,1,0,3,2,0,0,0
0,35,1,5,55,4,2,3,1,1,1,3,71,1,1,0,3,2,0,0,0
3,75,0,9,102,2,1,1,0,0,2,3,11,1,0,0,0,0,1,1,0
3,75,0,9,102,2,1,1,1,0,2,3,11,1,0,0,0,0,1,1,0
1,24,0,2,71,1,3,1,0,2,3,3,16,0,2,3,0,2,0,1,0
1,24,0,2,71,1,3,1,1,2,3,3,16,0,2,3,0,2,0,1,0
0,66,0,9,56,0,3,1,0,2,2,0,59,2,1,0,1,1,0,1,1
0,66,0,9,56,0,3,1,1,2,2,0,59,2,1,0,1,1,0,1,1
1,23,3,0,34,4,3,1,0,2,3,1,55,0,0,3,3,2,1,0,1
1,23,3,0,34,4,3,1,1,2,3,1,55,0,0,3,3,2,1,0,1
1,26,2,8,189,2,3,0,0,0,1,1,30,2,0,3,2,2,1,1,1
1,26,2,8,189,2,3,0,1,0,1,1,30,2,0,3,2,2,1,1,1
3,30,0,0,53,4,3,0,0,2,3,2,65,2,2,0,0,1,0,0,1
3,30,0,0,53,4,3,0,1,2,3,2,65,2,2,0,0,1,0,0,1
0,21,2,4,113,1,2,1,0,1,1,0,30,2,0,1,3,0,0,0,0
0,21,2,4,113,1,2,1,1,1,1,0,30,2,0,1,3,0,0,0,0
1,68,3,9,105,0,1,2,0,1,3,3,65,0,2,0,2,2,1,0,1
1,68,3,9,105,0,1,2,1,1,3,3,65,0,2,0,2,2,1,0,1
1,64,1,10,72,0,3,1,0,2,1,0,74,1,1,1,0,1,1,1,1
1,64,1,10,72,0,3,1,1,2,1,0,74,1,1,1,0,1,1,1,1
1,66,1,1,186,3,1,3,0,0,2,1,0,0,0,0,3,2,0,0,1
1,66,1,1,186,3,1,3,1,0,2,1,0,0,0,0,3,2,0,0,1
0,76,2,9,69,4,0,3,0,1,0,0,42,2,1,2,0,1,1,0,0
0,76,2,9,69,4,0,3,1,1,0,0,42,2,1,2,0,1,1,0,0
0,27,1,8,114,3,3,3,0,1,3,3,35,2,0,2,2,2,1,0,1
0,27,1,8,114,3,3,3,1,1,3,3,35,2,0,2,2,2,1,0,1
2,8,4,9,196,1,2,2,0,0,0,2,1,2,1,0,0,2,1,1,1
2,8,4,9,196,1,2,2,1,0,0,2,1,2,1,0,0,2,1,1,1
1,7,4,1,2,3,0,3,0,0,1,3,43,1,2,2,0,2,1,0,1
1,7,4,1,2,3,0,3,1,0,1,3,43,1,2,2,0,2,1,0,1
3,38,1,9,23,3,0,3,0,2,0,2,55,1,1,1,1,1,1,0,1
3,38,1,9,23,3,0,3,1,2,0,2,55,1,1,1,1,1,1,0,1
1,62,4,8,128,3,4,2,0,1,1,1,21,1,2,3,3,2,0,1,1
1,62,4,8,128,3,4,2,1,1,1,1,21,1,2,3,3,2,0,1,1
2,16,3,9,158,2,4,3,0,1,2,0,67,0,2,3,0,2,1,0,1
2,16,3,9,158,2,4,3,1,1,2,0,67,0,2,3,0,2,1,0,1
0,40,1,8,3,1,3,2,0,0,2,1,25,1,0,2,0,1,0,0,1
0,40,1,8,3,1,3,2,1,0,2,1,25,1,0,2,0,1,0,0,1
2,45,3,1,124,2,0,3,0,1,1,1,0,1,1,3,1,2,0,1,1
2,45,3,1,124,2,0,3,1,1,1,1,0,1,1,3,1,2,0,1,1
0,20,3,10,81,3,2,0,0,1,0,1,64,0,2,3,3,2,0,0,1
0,20,3,10,81,3,2,0,1,1,0,1,64,0,2,3,3,2,0,0,1
0,1,2,10,85,2,2,3,0,1,3,3,32,2,1,2,0,0,0,0,1
0,1,2,10,85,2,2,3,1,1,3,3,32,2,1,2,0,0,0,0,1
2,61,1,3,87,1,4,0,0,0,3,2,49,0,0,1,3,1,1,0,1
2,61,1,3,87,1,4,0,1,0,3,2,49,0,0,1,3,1,1,0,1
0,47,2,6,168,3,0,2,0,1,0,1,48,1,1,3,3,1,0,0,1
0,47,2,6,168,3,0,2,1,1,0,1,48,1,1,3,3,1,0,0,1
2,71,2,3,156,1,3,0,0,2,0,2,40,2,2,2,1,2,0,1,0
2,71,2,3,156,1,3,0,1,2,0,2,40,2,2,2,1,2,0,1,0
3,52,4,2,100,4,4,3,0,0,1,0,17,1,2,3,3,2,0,0,1
3,52,4,2,100,4,4,3,1,0,1,0,17,1,2,3,3,2,0,0,1
3,47,4,6,184,1,2,0,0,1,3,0,40,0,0,1,0,0,1,0,0
3,47,4,6,184,1,2,0,1,1,3,0,40,0,0,1,0,0,1,0,0
0,16,4,7,92,3,2,0,0,2,1,1,70,2,1,2,3,0,0,0,0
0,16,4,7,92,3,2,0,1,2,1,1,70,2,1,2,3,0,0,0,0
0,46,0,7,7,0,1,2,0,1,0,0,10,0,2,2,0,1,1,1,1
0,46,0,7,7,0,1,2,1,1,0,0,10,0,2,2,0,1,1,1,1
3,69,4,5,150,0,2,0,0,0,1,0,60,2,1,0,1,2,1,1,1
3,69,4,5,150,0,2,0,1,0,1,0,60,2,1,0,1,2,1,1,1
0,1,3,9,161,2,2,1,0,0,3,1,21,0,2,3,3,0,1,1,1
0,1,3,9,161,2,2,1,1,0,3,1,21,0,2,3,3,0,1,1,1
1,42,0,8,118,1,0,1,0,0,2,0,5,1,2,1,3,2,0,1,0
1,42,0,8,118,1,0,1,1,0,2,0,5,1,2,1,3,2,0,1,0
0,15,0,10,31,2,4,3,0,2,1,3,33,0,0,1,3,1,1,1,1
0,15,0,10,31,2,4,3,1,2,1,3,33,0,0,1,3,1,1,1,1
2,19,0,2,96,1,4,1,0,0,1,2,33,2,1,1,1,2,1,0,0
2,19,0,2,96,1,4,1,1,0,1,2,33,2,1,1,1,2,1,0,0
1,57,4,4,5,3,0,1,0,1,3,0,42,0,1,3,2,1,1,1,1
1,57,4,4,5,3,0,1,1,1,3,0,42,0,1,3,2,1,1,1,1
1,22,2,4,173,1,2,1,0,0,2,1,67,2,1,2,1,0,0,1,1
1,22,2,4,173,1,2,1,1,0,2,1,67,2,1,2,1,0,0,1,1
1,10,4,0,198,0,0,3,0,1,0,2,34,2,1,3,2,1,0,1,1
1,10,4,0,198,0,0,3,1,1,0,2,34,2,1,3,2,1,0,1,1
2,43,3,1,18,4,2,0,0,0,1,3,23,1,1,3,3,0,0,0,0
2,43,3,1,18,4,2,0,1,0,1,3,23,1,1,3,3,0,0,0,0
3,30,3,10,183,0,2,3,0,0,0,3,11,0,1,3,0,0,1,1,1
3,30,3,10,183,0,2,3,1,0,0,3,11,0,1,3,0,0,1,1,1
0,53,0,9,0,1,3,0,0,1,2,2,61,1,0,1,2,0,0,0,1
0,53,0,9,0,1,3,0,1,1,2,2,61,1,0,1,2,0,0,0,1
1,33,2,10,198,4,1,2,0,0,2,1,48,2,2,0,3,0,1,0,1
1,33,2,10,198,4,1,2,1,0,2,1,48,2,2,0,3,0,1,0,1
1,58,3,1,124,4,3,1,0,0,2,3,30,2,1,1,1,2,1,0,1
1,58,3,1,124,4,3,1,1,0,2,3,30,2,1,1,1,2,1,0,1
0,44,2,2,22,0,0,1,0,2,0,3,56,1,0,2,3,1,1,0,1
0,44,2,2,22,0,0,1,1,2,0,3,56,1,0,2,3,1,1,0,1
0,16,2,8,166,2,2,2,0,1,0,3,73,1,1,1,1,1,1,1,1
0,16,2,8,166,2,2,2,1,1,0,3,73,1,1,1,1,1,1,1,1
1,43,3,5,30,0,1,1,0,1,0,2,22,2,0,3,1,1,0,0,0
1,43,3,5,30,0,1,1,1,1,0,2,22,2,0,3,1,1,0,0,0
2,42,1,0,138,3,0,0,0,1,2,2,47,1,0,0,2,2,1,0,1
2,42,1,0,138,3,0,0,1,1,2,2,47,1,0,0,2,2,1,0,1
1,36,4,1,165,3,1,2,0,2,3,2,67,2,2,3,2,1,0,1,1
1,36,4,1,165,3,1,2,1,2,3,2,67,2,2,3,2,1,0,1,1
0,47,0,7,66,2,2,2,0,1,0,3,20,2,2,3,3,1,1,1,1
0,47,0,7,66,2,2,2,1,1,0,3,20,2,2,3,3,1,1,1,1
0,64,1,1,24,4,2,3,0,1,2,3,43,0,1,0,2,2,0,0,1
0,64,1,1,24,4,2,3,1,1,2,3,43,0,1,0,2,2,0,0,1
2,2,4,0,47,0,2,1,0,0,0,1,38,2,2,1,3,1,0,1,1
2,2,4,0,47,0,2,1,1,0,0,1,38,2,2,1,3,1,0,1,1
0,19,2,2,129,3,0,3,0,0,1,2,19,0,0,3,0,0,0,1,0
0,19,2,2,129,3,0,3,1,0,1,2,19,0,0,3,0,0,0,1,0
2,35,3,5,53,4,0,2,0,2,1,0,10,1,0,0,3,2,1,1,1
2,35,3,5,53,4,0,2,1,2,1,0,10,1,0,0,3,2,1,1,1
1,54,0,9,154,2,0,2,0,1,2,0,51,2,1,2,2,0,0,1,1
1,54,0,9,154,2,0,2,1,1,2,0,51,2,1,2,2,0,0,1,1
2,72,1,6,50,2,1,2,0,0,3,0,73,2,2,0,1,1,1,0,0
2,72,1,6,50,2,1,2,1,0,3,0,73,2,2,0,1,1,1,0,0
0,63,0,10,13,2,2,1,0,1,1,0,33,2,2,0,2,0,0,1,1
0,63,0,10,13,2,2,1,1,1,1,0,33,2,2,0,2,0,0,1,1
0,62,0,2,14,1,3,2,0,1,2,0,68,0,0,0,0,2,1,0,1
0,62,0,2,14,1,3,2,1,1,2,0,68,0,0,0,0,2,1,0,1
2,35,0,5,117,4,2,3,0,1,2,3,5,2,1,0,1,0,0,0,1
2,35,0,5,117,4,2,3,1,1,2,3,5,2,1,0,1,0,0,0,1
3,39,2,3,116,2,3,3,0,1,1,3,42,2,1,3,1,2,1,0,1
3,39,2,3,116,2,3,3,1,1,1,3,42,2,1,3,1,2,1,0,1
3,76,0,2,106,2,2,2,0,2,1,0,12,0,2,3,0,2,1,1,1
3,76,0,2,106,2,2,2,1,2,1,0,12,0,2,3,0,2,1,1,1
1,60,2,9,64,1,1,1,0,0,1,2,23,0,0,1,3,2,1,0,0
1,60,2,9,64,1,1,1,1,0,1,2,23,0,0,1,3,2,1,0,0
1,72,1,3,158,1,0,1,0,0,3,3,27,0,2,3,1,1,1,0,1
1,72,1,3,158,1,0,1,1,0,3,3,27,0,2,3,1,1,1,0,1
1,58,4,8,21,3,4,3,0,1,0,0,58,0,0,3,0,0,0,0,1
1,58,4,8,21,3,4,3,1,1,0,0,58,0,0,3,0,0,0,0,1
1,36,3,4,108,1,4,3,0,2,2,2,24,2,0,3,0,1,1,1,1
1,36,3,4,108,1,4,3,1,2,2,2,24,2,0,3,0,1,1,1,1
2,0,1,8,73,1,3,1,0,2,3,1,40,1,0,2,0,2,1,0,1
2,0,1,8,73,1,3,1,1,2,3,1,40,1,0,2,0,2,1,0,1
0,29,2,2,58,2,2,2,0,1,3,0,11,2,0,2,1,2,0,0,1
0,29,2,2,58,2,2,2,1,1,3,0,11,2,0,2,1,2,0,0,1
1,66,0,9,91,1,2,2,0,1,0,2,57,1,0,0,1,2,0,0,1
1,66,0,9,91,1,2,2,1,1,0,2,57,1,0,0,1,2,0,0,1
1,61,2,9,150,3,3,3,0,2,1,0,35,1,0,0,1,0,1,0,1
1,61,2,9,150,3,3,3,1,2,1,0,35,1,0,0,1,0,1,0,1
1,74,4,4,81,0,3,0,0,2,3,0,74,0,1,0,1,1,0,1,1
1,74,4,4,81,0,3,0,1,2,3,0,74,0,1,0,1,1,0,1,1
0,63,4,0,146,3,1,2,0,0,2,3,22,2,2,1,2,0,1,1,1
0,63,4,0,146,3,1,2,1,0,2,3,22,2,2,1,2,0,1,1,1
0,18,3,5,180,3,0,3,0,2,1,2,0,2,2,2,0,2,0,0,1
0,18,3,5,180,3,0,3,1,2,1,2,0,2,2,2,0,2,0,0,1
1,24,1,1,83,3,2,3,0,0,0,0,16,0,1,0,0,0,1,0,0
1,24,1,1,83,3,2,3,1,0,0,0,16,0,1,0,0,0,1,0,0
3,31,3,7,17,1,1,3,0,0,3,2,43,1,2,3,3,0,1,0,1
3,31,3,7,17,1,1,3,1,0,3,2,43,1,2,3,3,0,1,0,1
1,60,2,1,79,4,0,3,0,2,2,3,70,2,2,2,1,2,1,1,0
1,60,2,1,79,4,0,3,1,2,2,3,70,2,2,2,1,2,1,1,0
1,43,0,8,88,4,2,3,0,2,0,0,43,0,2,1,0,1,0,0,1
1,43,0,8,88,4,2,3,1,2,0,0,43,0,2,1,0,1,0,0,1
3,52,1,9,157,4,1,3,0,1,2,0,4,1,2,3,1,2,0,0,1
3,52,1,9,157,4,1,3,1,1,2,0,4,1,2,3,1,2,0,0,1
1,13,0,7,134,4,0,3,0,0,2,2,7,2,0,0,3,2,1,0,1
1,13,0,7,134,4,0,3,1,0,2,2,7,2,0,0,3,2,1,0,1
1,48,4,0,102,2,0,2,0,2,2,2,1,1,1,1,2,2,1,1,0
1,48,4,0,102,2,0,2,1,2,2,2,1,1,1,1,2,2,1,1,0
3,19,4,1,99,1,1,3,0,1,2,3,25,2,2,1,0,1,1,1,0
3,19,4,1,99,1,1,3,1,1,2,3,25,2,2,1,0,1,1,1,0
0,71,2,3,126,2,2,1,0,1,0,3,53,0,0,1,3,1,0,1,0
0,71,2,3,126,2,2,1,1,1,0,3,53,0,0,1,3,1,0,1,0
3,32,4,4,19,0,3,1,0,0,2,2,70,1,2,2,1,2,1,0,1
3,32,4,4,19,0,3,1,1,0,2,2,70,1,2,2,1,2,1,0,1
0,30,1,6,110,3,2,1,0,2,1,2,33,1,2,3,3,0,1,0,1
0,30,1,6,110,3,2,1,1,2,1,2,33,1,2,3,3,0,1,0,1
1,79,0,7,102,3,0,2,0,0,3,1,60,1,2,0,3,0,1,0,0
1,79,0,7,102,3,0,2,1,0,3,1,60,1,2,0,3,0,1,0,0
1,46,2,2,69,2,1,2,0,1,2,0,47,2,0,2,3,2,1,1,0
1,46,2,2,69,2,1,2,1,1,2,0,47,2,0,2,3,2,1,1,0
3,77,4,8,154,1,2,2,0,0,2,3,41,2,0,3,2,1,0,1,1
3,77,4,8,154,1,2,2,1,0,2,3,41,2,0,3,2,1,0,1,1
3,58,3,6,173,1,4,3,0,2,3,0,55,2,2,2,1,0,1,1,1
3,58,3,6,173,1,4,3,1,2,3,0,55,2,2,2,1,0,1,1,1
2,71,3,0,136,2,2,2,0,0,1,3,49,1,2,2,0,0,1,1,1
2,71,3,0,136,2,2,2,1,0,1,3,49,1,2,2,0,0,1,1,1
0,20,1,6,69,4,2,1,0,1,3,0,1,2,1,0,0,2,1,0,0
0,20,1,6,69,4,2,1,1,1,3,0,1,2,1,0,0,2,1,0,0
3,8,4,2,144,2,4,1,0,0,1,3,58,0,0,2,3,2,1,0,0
3,8,4,2,144,2,4,1,1,0,1,3,58,0,0,2,3,2,1,0,0
1,50,3,10,95,4,4,0,0,2,0,1,1,0,0,1,3,0,1,1,0
1,50,3,10,95,4,4,0,1,2,0,1,1,0,0,1,3,0,1,1,0
3,45,4,3,143,4,2,2,0,1,2,2,58,0,2,2,3,2,0,0,0
3,45,4,3,143,4,2,2,1,1,2,2,58,0,2,2,3,2,0,0,0
0,20,4,2,34,1,0,2,0,2,0,1,59,0,0,0,2,2,0,0,1
0,20,4,2,34,1,0,2,1,2,0,1,59,0,0,0,2,2,0,0,1
1,14,1,5,23,3,0,2,0,2,1,0,24,1,0,3,3,0,0,0,1
1,14,1,5,23,3,0,2,1,2,1,0,24,1,0,3,3,0,0,0,1
2,66,3,7,48,2,3,2,0,2,1,3,28,0,2,1,1,1,0,0,0
2,66,3,7,48,2,3,2,1,2,1,3,28,0,2,1,1,1,0,0,0
3,18,1,0,114,3,1,2,0,2,2,1,14,1,1,3,0,2,1,1,1
3,18,1,0,114,3,1,2,1,2,2,1,14,1,1,3,0,2,1,1,1
3,5,4,2,116,2,3,3,0,1,0,2,66,1,2,3,2,1,1,1,1
3,5,4,2,116,2,3,3,1,1,0,2,66,1,2,3,2,1,1,1,1
0,2,0,9,138,3,1,3,0,0,0,1,32,0,2,2,2,0,0,0,1
0,2,0,9,138,3,1,3,1,0,0,1,32,0,2,2,2,0,0,0,1
2,25,3,2,185,4,2,1,0,0,3,0,32,1,0,3,3,0,1,0,1
2,25,3,2,185,4,2,1,1,0,3,0,32,1,0,3,3,0,1,0,1
2,56,2,2,183,0,4,1,0,1,2,0,72,2,0,3,0,2,1,1,1
2,56,2,2,183,0,4,1,1,1,2,0,72,2,0,3,0,2,1,1,1
3,27,2,1,53,4,1,1,0,0,1,1,62,1,1,0,0,1,1,1,1
3,27,2,1,53,4,1,1,1,0,1,1,62,1,1,0,0,1,1,1,1
0,32,1,0,180,0,3,1,0,2,3,3,29,2,2,0,1,2,1,1,1
0,32,1,0,180,0,3,1,1,2,3,3,29,2,2,0,1,2,1,1,1
0,62,0,6,97,0,1,2,0,1,2,3,33,2,0,3,2,0,1,0,1
0,62,0,6,97,0,1,2,1,1,2,3,33,2,0,3,2,0,1,0,1
1,46,1,8,178,2,4,3,0,1,1,3,35,0,1,3,2,0,0,0,1
1,46,1,8,178,2,4,3,1,1,1,3,35,0,1,3,2,0,0,0,1
0,74,2,1,121,0,0,2,0,1,1,0,70,2,0,1,0,0,0,0,1
0,74,2,1,121,0,0,2,1,1,1,0,70,2,0,1,0,0,0,0,1
0,60,4,2,87,1,2,1,0,1,2,3,20,2,0,3,0,2,0,1,1
0,60,4,2,87,1,2,1,1,1,2,3,20,2,0,3,0,2,0,1,1
3,2,4,5,107,2,2,0,0,0,0,3,61,1,1,1,3,2,0,0,1
3,2,4,5,107,2,2,0,1,0,0,3,61,1,1,1,3,2,0,0,1
0,53,0,8,64,3,4,0,0,0,0,0,66,1,0,0,2,0,0,1,0
0,53,0,8,64,3,4,0,1,0,0,0,66,1,0,0,2,0,0,1,0
3,75,4,7,143,0,4,1,0,0,0,3,54,2,2,2,1,2,0,1,0
3,75,4,7,143,0,4,1,1,0,0,3,54,2,2,2,1,2,0,1,0
2,46,3,1,89,2,3,0,0,1,1,3,25,1,2,2,2,1,0,0,0
2,46,3,1,89,2,3,0,1,1,1,3,25,1,2,2,2,1,0,0,0
3,72,2,6,69,4,4,3,0,1,0,2,26,1,1,1,1,2,1,1,0
3,72,2,6,69,4,4,3,1,1,0,2,26,1,1,1,1,2,1,1,0
3,65,1,9,27,2,3,3,0,2,0,2,64,0,2,3,0,2,1,0,0
3,65,1,9,27,2,3,3,1,2,0,2,64,0,2,3,0,2,1,0,0
0,72,1,10,58,2,0,1,0,2,3,1,56,1,1,0,3,2,1,0,1
0,72,1,10,58,2,0,1,1,2,3,1,56,1,1,0,3,2,1,0,1
3,75,4,10,66,3,4,0,0,2,0,2,13,1,2,3,3,1,1,1,1
3,75,4,10,66,3,4,0,1,2,0,2,13,1,2,3,3,1,1,1,1
3,11,1,3,93,0,0,3,0,2,1,3,39,0,2,2,2,2,0,1,0
3,11,1,3,93,0,0,3,1,2,1,3,39,0,2,2,2,2,0,1,0
1,38,3,1,35,1,2,1,0,2,1,1,41,1,1,1,1,0,0,1,1
1,38,3,1,35,1,2,1,1,2,1,1,41,1,1,1,1,0,0,1,1
1,58,4,0,85,1,1,0,0,1,0,1,68,0,1,1,0,1,0,0,1
1,58,4,0,85,1,1,0,1,1,0,1,68,0,1,1,0,1,0,0,1
1,45,4,1,138,2,0,0,0,1,1,2,23,1,2,3,0,1,0,1,1
1,45,4,1,138,2,0,0,1,1,1,2,23,1,2,3,0,1,0,1,1
3,2,0,4,59,4,2,0,0,1,3,2,34,2,0,2,2,1,0,0,0
3,2,0,4,59,4,2,0,1,1,3,2,34,2,0,2,2,1,0,0,0
1,19,2,5,35,4,2,2,0,0,2,2,13,1,1,3,2,2,0,1,1
1,19,2,5,35,4,2,2,1,0,2,2,13,1,1,3,2,2,0,1,1
2,64,1,4,36,3,2,2,0,2,0,1,30,2,2,2,1,1,0,0,1
2,64,1,4,36,3,2,2,1,2,0,1,30,2,2,2,1,1,0,0,1
3,72,2,9,188,3,1,3,0,2,3,1,40,1,1,0,2,0,0,1,1
3,72,2,9,188,3,1,3,1,2,3,1,40,1,1,0,2,0,0,1,1
3,79,4,3,47,1,1,2,0,0,2,2,4,2,0,3,3,1,0,0,1
3,79,4,3,47,1,1,2,1,0,2,2,4,2,0,3,3,1,0,0,1
0,74,2,3,183,4,0,0,0,0,1,0,8,0,2,3,2,1,1,1,1
0,74,2,3,183,4,0,0,1,0,1,0,8,0,2,3,2,1,1,1,1
1,19,1,5,116,1,2,1,0,1,3,1,39,1,1,3,2,0,1,0,1
1,19,1,5,116,1,2,1,1,1,3,1,39,1,1,3,2,0,1,0,1
3,38,2,1,33,2,4,2,0,2,3,2,44,0,2,1,3,1,0,1,1
3,38,2,1,33,2,4,2,1,2,3,2,44,0,2,1,3,1,0,1,1
3,43,1,4,162,4,4,3,0,0,0,0,72,1,1,0,0,0,0,1,1
3,43,1,4,162,4,4,3,1,0,0,0,72,1,1,0,0,0,0,1,1
0,66,1,10,163,4,3,0,0,1,0,1,60,2,1,1,0,1,1,1,1
0,66,1,10,163,4,3,0,1,1,0,1,60,2,1,1,0,1,1,1,1
1,5,0,5,24,4,1,2,0,0,2,3,52,2,0,2,1,1,0,0,1
1,5,0,5,24,4,1,2,1,0,2,3,52,2,0,2,1,1,0,0,1
3,66,4,4,138,2,2,2,0,0,3,1,38,0,2,3,1,0,0,1,1
3,66,4,4,138,2,2,2,1,0,3,1,38,0,2,3,1,0,0,1,1
2,41,0,8,151,2,0,3,0,2,0,3,52,2,0,1,1,0,1,0,1
2,41,0,8,151,2,0,3,1,2,0,3,52,2,0,1,1,0,1,0,1
2,25,2,4,124,0,0,1,0,1,2,1,48,0,0,2,0,2,1,0,1
2,25,2,4,124,0,0,1,1,1,2,1,48,0,0,2,0,2,1,0,1
3,66,1,10,198,4,0,0,0,1,2,3,72,0,2,1,0,0,1,0,1
3,66,1,10,198,4,0,0,1,1,2,3,72,0,2,1,0,0,1,0,1
2,30,3,9,45,4,2,1,0,0,3,2,73,2,0,3,1,1,1,0,0
2,30,3,9,45,4,2,1,1,0,3,2,73,2,0,3,1,1,1,0,0
3,42,4,8,137,4,4,0,0,0,2,0,62,2,0,3,1,2,0,1,1
3,42,4,8,137,4,4,0,1,0,2,0,62,2,0,3,1,2,0,1,1
1,19,4,3,174,4,2,3,0,2,2,3,1,0,0,0,0,1,1,1,1
1,19,4,3,174,4,2,3,1,2,2,3,1,0,0,0,0,1,1,1,1
3,56,3,10,91,0,0,1,0,2,2,0,32,1,0,0,1,0,1,0,1
3,56,3,10,91,0,0,1,1,2,2,0,32,1,0,0,1,0,1,0,1
2,56,1,3,150,2,1,0,0,2,0,1,14,2,1,3,0,2,0,1,1
2,56,1,3,150,2,1,0,1,2,0,1,14,2,1,3,0,2,0,1,1
2,61,0,4,48,0,3,0,0,1,2,0,1,1,0,2,1,0,1,0,0
2,61,0,4,48,0,3,0,1,1,2,0,1,1,0,2,1,0,1,0,0
0,69,4,5,39,1,0,1,0,0,0,2,58,0,1,2,3,2,1,1,1
0,69,4,5,39,1,0,1,1,0,0,2,58,0,1,2,3,2,1,1,1
2,56,4,4,94,0,2,3,0,0,3,2,51,2,1,1,0,2,0,0,1
2,56,4,4,94,0,2,3,1,0,3,2,51,2,1,1,0,2,0,0,1
1,57,0,4,160,4,4,2,0,1,1,1,62,2,0,2,3,2,1,0,1
1,57,0,4,160,4,4,2,1,1,1,1,62,2,0,2,3,2,1,0,1
3,33,2,6,39,3,3,2,0,2,3,3,44,0,1,1,0,2,1,0,1
3,33,2,6,39,3,3,2,1,2,3,3,44,0,1,1,0,2,1,0,1
3,78,0,7,175,0,3,2,0,0,0,1,62,1,2,2,3,1,0,0,1
3,78,0,7,175,0,3,2,1,0,0,1,62,1,2,2,3,1,0,0,1
2,6,1,7,39,2,0,1,0,0,3,1,58,0,0,2,3,1,1,0,1
2,6,1,7,39,2,0,1,1,0,3,1,58,0,0,2,3,1,1,0,1
0,3,3,1,125,0,2,3,0,0,0,2,14,0,2,0,1,0,0,1,0
0,3,3,1,125,0,2,3,1,0,0,2,14,0,2,0,1,0,0,1,0
1,57,3,0,121,2,4,3,0,0,3,3,25,1,0,1,3,0,0,1,1
1,57,3,0,121,2,4,3,1,0,3,3,25,1,0,1,3,0,0,1,1
1,61,1,0,59,2,3,3,0,0,0,1,73,1,0,1,1,0,0,1,0
1,61,1,0,59,2,3,3,1,0,0,1,73,1,0,1,1,0,0,1,0
3,53,4,10,197,0,1,1,0,0,2,0,6,0,0,0,2,0,0,1,1
3,53,4,10,197,0,1,1,1,0,2,0,6,0,0,0,2,0,0,1,1
3,50,2,3,4,1,2,2,0,0,0,2,44,2,0,2,0,1,1,0,1
3,50,2,3,4,1,2,2,1,0,0,2,44,2,0,2,0,1,1,0,1
1,43,3,5,29,4,2,3,0,2,3,0,67,1,2,3,0,2,1,0,1
1,43,3,5,29,4,2,3,1,2,3,0,67,1,2,3,0,2,1,0,1
2,5,0,0,23,4,0,3,0,0,0,1,53,1,2,3,0,1,1,1,1
2,5,0,0,23,4,0,3,1,0,0,1,53,1,2,3,0,1,1,1,1
2,72,3,8,1,4,1,0,0,1,3,2,53,0,2,3,1,2,1,1,1
2,72,3,8,1,4,1,0,1,1,3,2,53,0,2,3,1,2,1,1,1
3,4,2,1,125,4,1,1,0,1,0,3,39,0,1,3,1,1,1,1,0
3,4,2,1,125,4,1,1,1,1,0,3,39,0,1,3,1,1,1,1,0
1,43,4,2,146,4,4,3,0,0,3,3,47,2,0,2,1,2,0,0,1
1,43,4,2,146,4,4,3,1,0,3,3,47,2,0,2,1,2,0,0,1
1,55,0,0,164,0,0,3,0,0,2,1,68,2,1,0,0,2,0,1,1
1,55,0,0,164,0,0,3,1,0,2,1,68,2,1,0,0,2,0,1,1
2,44,1,2,81,3,0,3,0,2,2,1,35,0,2,0,1,1,0,0,1
2,44,1,2,81,3,0,3,1,2,2,1,35,0,2,0,1,1,0,0,1
1,43,0,8,26,0,2,2,0,2,0,2,36,2,0,3,2,2,1,1,1
1,43,0,8,26,0,2,2,1,2,0,2,36,2,0,3,2,2,1,1,1
1,55,1,2,143,4,0,2,0,0,3,3,53,2,2,0,3,2,1,1,0
1,55,1,2,143,4,0,2,1,0,3,3,53,2,2,0,3,2,1,1,0
3,73,1,5,92,3,4,2,0,2,1,1,17,1,1,3,0,2,1,1,0
3,73,1,5,92,3,4,2,1,2,1,1,17,1,1,3,0,2,1,1,0
0,64,0,4,9,4,1,2,0,0,2,2,65,0,0,1,1,1,1,1,1
0,64,0,4,9,4,1,2,1,0,2,2,65,0,0,1,1,1,1,1,1
0,12,4,0,51,1,2,1,0,1,0,3,47,1,0,2,1,1,0,0,1
0,12,4,0,51,1,2,1,1,1,0,3,47,1,0,2,1,1,0,0,1
2,8,4,8,55,3,1,3,0,0,3,0,9,2,1,2,2,2,0,0,0
2,8,4,8,55,3,1,3,1,0,3,0,9,2,1,2,2,2,0,0,0
2,72,2,8,183,4,3,3,0,2,0,2,20,0,2,1,2,2,1,0,1
2,72,2,8,183,4,3,3,1,2,0,2,20,0,2,1,2,2,1,0,1
0,28,0,6,5,0,0,1,0,1,2,2,4,1,0,3,2,0,0,0,1
0,28,0,6,5,0,0,1,1,1,2,2,4,1,0,3,2,0,0,0,1
1,77,4,0,117,3,1,3,0,2,1,1,45,0,0,3,3,2,0,0,1
1,77,4,0,117,3,1,3,1,2,1,1,45,0,0,3,3,2,0,0,1
1,40,4,7,13,2,0,0,0,1,2,2,10,0,0,1,2,2,0,1,1
1,40,4,7,13,2,0,0,1,1,2,2,10,0,0,1,2,2,0,1,1
0,20,0,4,137,1,3,1,0,1,1,2,35,1,1,2,0,0,1,1,1
0,20,0,4,137,1,3,1,1,1,1,2,35,1,1,2,0,0,1,1,1
0,6,2,3,29,2,1,3,0,0,2,1,52,0,1,3,1,2,1,0,1
0,6,2,3,29,2,1,3,1,0,2,1,52,0,1,3,1,2,1,0,1
3,4,0,9,129,0,2,1,0,2,0,3,28,2,1,3,0,1,1,0,0
3,4,0,9,129,0,2,1,1,2,0,3,28,2,1,3,0,1,1,0,0
2,34,0,4,24,1,3,0,0,1,0,0,0,1,2,2,0,0,1,1,1
2,34,0,4,24,1,3,0,1,1,0,0,0,1,2,2,0,0,1,1,1
1,5,1,7,89,2,1,0,0,2,3,3,3,2,0,3,2,1,1,0,0
1,5,1,7,89,2,1,0,1,2,3,3,3,2,0,3,2,1,1,0,0
0,79,1,8,64,3,3,1,0,0,0,3,37,1,1,2,1,1,1,0,0
0,79,1,8,64,3,3,1,1,0,0,3,37,1,1,2,1,1,1,0,0
2,37,0,1,81,1,0,0,0,2,1,3,22,0,1,3,1,1,0,0,1
2,37,0,1,81,1,0,0,1,2,1,3,22,0,1,3,1,1,0,0,1
0,1,2,2,198,0,4,0,0,1,1,1,41,1,2,1,1,0,1,0,1
0,1,2,2,198,0,4,0,1,1,1,1,41,1,2,1,1,0,1,0,1
1,78,3,5,194,3,0,3,0,2,2,1,69,2,1,3,3,2,1,1,1
1,78,3,5,194,3,0,3,1,2,2,1,69,2,1,3,3,2,1,1,1
2,3,0,1,183,0,0,0,0,2,1,3,14,0,1,1,0,2,1,0,1
2,3,0,1,183,0,0,0,1,2,1,3,14,0,1,1,0,2,1,0,1
3,15,1,6,79,0,1,3,0,2,3,0,71,0,0,3,0,2,0,0,0
3,15,1,6,79,0,1,3,1,2,3,0,71,0,0,3,0,2,0,0,0
2,61,2,5,39,4,1,1,0,0,2,3,71,0,1,3,3,1,0,0,1
2,61,2,5,39,4,1,1,1,0,2,3,71,0,1,3,3,1,0,0,1
1,35,0,6,124,0,1,0,0,1,0,1,63,2,0,3,2,0,0,1,1
1,35,0,6,124,0,1,0,1,1,0,1,63,2,0,3,2,0,0,1,1
3,23,3,0,180,3,4,0,0,2,3,3,47,1,0,2,2,2,1,0,1
3,23,3,0,180,3,4,0,1,2,3,3,47,1,0,2,2,2,1,0,1
3,30,4,7,173,4,1,0,0,0,3,3,34,1,2,0,1,0,1,0,1
3,30,4,7,173,4,1,0,1,0,3,3,34,1,2,0,1,0,1,0,1
2,34,0,1,166,3,2,2,0,2,2,0,61,0,2,2,3,0,1,0,1
2,34,0,1,166,3,2,2,1,2,2,0,61,0,2,2,3,0,1,0,1
2,17,4,10,22,4,2,1,0,2,3,1,63,2,1,1,2,2,1,0,1
2,17,4,10,22,4,2,1,1,2,3,1,63,2,1,1,2,2,1,0,1
1,34,1,2,68,1,4,0,0,2,3,1,30,0,0,3,3,2,0,0,0
1,34,1,2,68,1,4,0,1,2,3,1,30,0,0,3,3,2,0,0,0
2,14,0,5,169,3,3,3,0,0,2,0,13,2,0,0,2,2,1,1,1
2,14,0,5,169,3,3,3,1,0,2,0,13,2,0,0,2,2,1,1,1
0,48,1,8,127,3,4,3,0,2,0,0,22,2,2,2,0,1,1,0,1
0,48,1,8,127,3,4,3,1,2,0,0,22,2,2,2,0,1,1,0,1
3,17,0,0,48,3,0,0,0,0,3,2,18,0,2,3,0,1,1,1,0
3,17,0,0,48,3,0,0,1,0,3,2,18,0,2,3,0,1,1,1,0
2,78,0,3,76,2,2,3,0,1,2,3,36,0,0,2,0,2,0,0,0
2,78,0,3,76,2,2,3,1,1,2,3,36,0,0,2,0,2,0,0,0
0,44,1,5,171,2,0,3,0,2,3,2,51,0,1,0,0,0,0,1,1
0,44,1,5,171,2,0,3,1,2,3,2,51,0,1,0,0,0,0,1,1
2,60,3,10,177,2,2,3,0,2,3,0,23,2,2,2,1,0,0,1,1
2,60,3,10,177,2,2,3,1,2,3,0,23,2,2,2,1,0,0,1,1
3,60,0,6,132,4,4,1,0,1,2,0,5,0,1,0,2,2,0,1,1
3,60,0,6,132,4,4,1,1,1,2,0,5,0,1,0,2,2,0,1,1
3,16,2,2,39,4,4,3,0,0,0,3,63,0,1,1,1,2,1,0,1
3,16,2,2,39,4,4,3,1,0,0,3,63,0,1,1,1,2,1,0,1
2,64,1,6,94,1,0,2,0,0,1,2,19,0,2,2,2,0,1,1,1
2,64,1,6,94,1,0,2,1,0,1,2,19,0,2,2,2,0,1,1,1
1,34,1,2,50,1,0,1,0,1,0,0,60,1,0,0,1,1,0,0,0
1,34,1,2,50,1,0,1,1,1,0,0,60,1,0,0,1,1,0,0,0
2,42,2,2,180,1,1,1,0,1,3,0,68,1,2,0,0,2,0,0,1
2,42,2,2,180,1,1,1,1,1,3,0,68,1,2,0,0,2,0,0,1
0,61,3,1,133,4,1,2,0,1,1,3,28,0,0,3,1,0,0,1,1
0,61,3,1,133,4,1,2,1,1,1,3,28,0,0,3,1,0,0,1,1
1,67,1,7,47,3,1,1,0,0,1,3,6,2,2,2,0,0,1,0,1
1,67,1,7,47,3,1,1,1,0,1,3,6,2,2,2,0,0,1,0,1
0,5,4,10,86,2,4,3,0,2,3,0,12,0,0,1,1,2,1,0,0
0,5,4,10,86,2,4,3,1,2,3,0,12,0,0,1,1,2,1,0,0
1,0,1,1,187,0,2,0,0,0,2,3,52,2,2,0,1,2,0,1,1
1,0,1,1,187,0,2,0,1,0,2,3,52,2,2,0,1,2,0,1,1
0,42,4,8,98,3,1,3,0,2,1,2,73,0,2,1,3,1,0,1,1
0,42,4,8,98,3,1,3,1,2,1,2,73,0,2,1,3,1,0,1,1
0,27,4,6,155,0,4,0,0,1,3,3,46,1,0,2,2,1,0,1,1
0,27,4,6,155,0,4,0,1,1,3,3,46,1,0,2,2,1,0,1,1
0,3,2,2,153,0,2,3,0,0,2,0,16,1,1,1,2,2,1,0,1
0,3,2,2,153,0,2,3,1,0,2,0,16,1,1,1,2,2,1,0,1
3,38,2,9,142,0,4,0,0,0,0,1,55,2,1,1,3,1,1,1,1
3,38,2,9,142,0,4,0,1,0,0,1,55,2,1,1,3,1,1,1,1
2,62,0,5,156,1,1,3,0,1,2,0,35,2,2,2,1,0,1,0,0
2,62,0,5,156,1,1,3,1,1,2,0,35,2,2,2,1,0,1,0,0
2,10,2,2,195,2,4,3,0,2,2,1,73,2,1,1,0,0,1,1,1
2,10,2,2,195,2,4,3,1,2,2,1,73,2,1,1,0,0,1,1,1
2,15,3,7,33,2,0,2,0,2,2,1,31,2,1,2,1,2,0,1,1
2,15,3,7,33,2,0,2,1,2,2,1,31,2,1,2,1,2,0,1,1
3,0,1,10,169,4,3,3,0,1,3,1,2,1,1,0,3,2,0,1,1
3,0,1,10,169,4,3,3,1,1,3,1,2,1,1,0,3,2,0,1,1
3,18,3,6,28,1,3,3,0,0,1,0,15,1,2,3,1,2,0,1,1
3,18,3,6,28,1,3,3,1,0,1,0,15,1,2,3,1,2,0,1,1
0,29,4,8,129,1,3,2,0,1,2,3,70,2,1,3,3,2,0,0,0
0,29,4,8,129,1,3,2,1,1,2,3,70,2,1,3,3,2,0,0,0
3,11,1,10,187,0,1,2,0,1,2,0,60,0,1,2,0,1,1,1,1
3,11,1,10,187,0,1,2,1,1,2,0,60,0,1,2,0,1,1,1,1
1,32,3,5,84,2,3,3,0,0,1,2,25,0,2,1,0,1,0,1,1
1,32,3,5,84,2,3,3,1,0,1,2,25,0,2,1,0,1,0,1,1
0,61,2,8,5,3,2,3,0,2,2,0,20,0,0,3,1,2,1,0,1
0,61,2,8,5,3,2,3,1,2,2,0,20,0,0,3,1,2,1,0,1
1,68,3,7,133,2,3,3,0,0,2,0,23,0,1,0,0,2,1,0,1
1,68,3,7,133,2,3,3,1,0,2,0,23,0,1,0,0,2,1,0,1
2,71,3,8,170,2,3,1,0,1,2,1,47,2,1,3,1,2,1,0,1
2,71,3,8,170,2,3,1,1,1,2,1,47,2,1,3,1,2,1,0,1
2,41,0,4,30,0,2,2,0,2,3,3,46,1,2,2,1,1,0,1,1
2,41,0,4,30,0,2,2,1,2,3,3,46,1,2,2,1,1,0,1,1
1,74,3,1,85,0,3,0,0,2,2,3,11,1,0,0,0,2,0,1,1
1,74,3,1,85,0,3,0,1,2,2,3,11,1,0,0,0,2,0,1,1
1,35,0,10,123,1,3,0,0,0,3,1,12,1,1,2,1,1,0,0,0
1,35,0,10,123,1,3,0,1,0,3,1,12,1,1,2,1,1,0,0,0
2,5,2,9,94,3,4,1,0,2,0,3,47,0,2,1,0,1,0,1,1
2,5,2,9,94,3,4,1,1,2,0,3,47,0,2,1,0,1,0,1,1
1,56,3,3,195,1,3,3,0,2,0,2,15,1,0,2,0,0,1,1,1
1,56,3,3,195,1,3,3,1,2,0,2,15,1,0,2,0,0,1,1,1
1,12,2,10,49,0,4,0,0,0,0,3,41,2,1,1,2,1,0,0,0
1,12,2,10,49,0,4,0,1,0,0,3,41,2,1,1,2,1,0,0,0
1,34,4,4,149,2,3,1,0,1,0,3,8,2,0,0,2,2,0,1,1
1,34,4,4,149,2,3,1,1,1,0,3,8,2,0,0,2,2,0,1,1
3,76,0,1,179,4,3,0,0,0,1,0,3,0,1,2,0,2,1,1,1
3,76,0,1,179,4,3,0,1,0,1,0,3,0,1,2,0,2,1,1,1
1,22,3,10,39,0,3,1,0,2,1,0,55,0,2,3,3,1,0,0,1
1,22,3,10,39,0,3,1,1,2,1,0,55,0,2,3,3,1,0,0,1
0,75,2,6,193,2,2,2,0,1,1,2,45,2,1,1,3,2,0,1,1
0,75,2,6,193,2,2,2,1,1,1,2,45,2,1,1,3,2,0,1,1
0,57,3,3,23,3,3,2,0,0,2,3,62,0,2,0,0,2,0,1,1
0,57,3,3,23,3,3,2,1,0,2,3,62,0,2,0,0,2,0,1,1
2,71,0,10,6,4,0,3,0,2,2,3,4,2,1,2,0,2,1,0,1
2,71,0,10,6,4,0,3,1,2,2,3,4,2,1,2,0,2,1,0,1
2,52,0,1,19,1,3,0,0,2,2,3,59,2,1,2,3,2,1,0,1
2,52,0,1,19,1,3,0,1,2,2,3,59,2,1,2,3,2,1,0,1
2,43,1,8,163,2,2,0,0,0,3,0,4,0,2,3,2,0,0,0,1
2,43,1,8,163,2,2,0,1,0,3,0,4,0,2,3,2,0,0,0,1
3,27,3,4,49,4,1,1,0,2,0,2,2,2,2,0,0,0,1,1,0
3,27,3,4,49,4,1,1,1,2,0,2,2,2,2,0,0,0,1,1,0
0,18,1,9,44,3,2,1,0,2,0,3,49,0,0,3,1,1,1,1,0
0,18,1,9,44,3,2,1,1,2,0,3,49,0,0,3,1,1,1,1,0
1,13,0,1,113,0,3,3,0,0,2,2,54,2,0,2,2,1,0,1,0
1,13,0,1,113,0,3,3,1,0,2,2,54,2,0,2,2,1,0,1,0
3,3,2,8,100,3,2,2,0,0,3,1,29,0,2,0,1,0,1,0,1
3,3,2,8,100,3,2,2,1,0,3,1,29,0,2,0,1,0,1,0,1
3,50,4,9,98,3,0,3,0,0,2,0,55,1,1,1,3,0,0,0,1
3,50,4,9,98,3,0,3,1,0,2,0,55,1,1,1,3,0,0,0,1
2,4,3,9,86,1,4,3,0,0,1,0,28,1,1,3,1,0,0,0,0
2,4,3,9,86,1,4,3,1,0,1,0,28,1,1,3,1,0,0,0,0
0,18,3,6,7,3,1,1,0,2,3,3,31,1,1,0,0,2,1,1,1
0,18,3,6,7,3,1,1,1,2,3,3,31,1,1,0,0,2,1,1,1
3,56,0,0,83,4,4,2,0,0,1,3,10,2,2,0,2,1,0,1,0
3,56,0,0,83,4,4,2,1,0,1,3,10,2,2,0,2,1,0,1,0
0,33,0,3,161,2,2,0,0,1,1,0,57,2,2,1,0,2,1,0,1
0,33,0,3,161,2,2,0,1,1,1,0,57,2,2,1,0,2,1,0,1
0,77,1,4,93,1,1,1,0,0,3,2,16,2,0,3,3,2,1,1,0
0,77,1,4,93,1,1,1,1,0,3,2,16,2,0,3,3,2,1,1,0
0,26,1,5,199,4,0,0,0,1,3,3,70,2,2,3,1,1,1,1,1
0,26,1,5,199,4,0,0,1,1,3,3,70,2,2,3,1,1,1,1,1
0,18,4,10,26,3,1,0,0,2,2,1,30,1,2,3,2,1,0,0,1
0,18,4,10,26,3,1,0,1,2,2,1,30,1,2,3,2,1,0,0,1
0,64,0,3,186,4,1,3,0,0,0,0,21,2,2,3,1,1,0,0,1
0,64,0,3,186,4,1,3,1,0,0,0,21,2,2,3,1,1,0,0,1
2,41,2,8,198,3,3,3,0,0,2,2,49,2,1,1,0,1,0,1,1
2,41,2,8,198,3,3,3,1,0,2,2,49,2,1,1,0,1,0,1,1
3,16,4,6,17,2,1,1,0,2,1,3,12,2,1,1,1,1,1,0,1
3,16,4,6,17,2,1,1,1,2,1,3,12,2,1,1,1,1,1,0,1
1,24,1,3,81,1,2,2,0,1,1,2,3,1,1,3,3,1,1,0,1
1,24,1,3,81,1,2,2,1,1,1,2,3,1,1,3,3,1,1,0,1
2,64,2,10,87,4,4,0,0,2,1,3,32,2,2,2,3,1,1,1,1
2,64,2,10,87,4,4,0,1,2,1,3,32,2,2,2,3,1,1,1,1
1,47,2,8,196,3,3,2,0,0,0,0,38,2,2,3,1,2,0,1,1
1,47,2,8,196,3,3,2,1,0,0,0,38,2,2,3,1,2,0,1,1
0,42,1,7,176,3,2,0,0,0,1,3,67,2,2,0,2,1,1,0,1
0,42,1,7,176,3,2,0,1,0,1,3,67,2,2,0,2,1,1,0,1
2,74,0,2,144,1,2,2,0,2,3,0,11,1,0,2,0,2,1,1,0
2,74,0,2,144,1,2,2,1,2,3,0,11,1,0,2,0,2,1,1,0
2,40,3,8,81,1,4,3,0,0,1,3,8,2,0,0,0,1,0,1,1
2,40,3,8,81,1,4,3,1,0,1,3,8,2,0,0,0,1,0,1,1
3,45,3,2,189,3,0,3,0,0,0,2,5,2,2,0,1,0,1,0,1
3,45,3,2,189,3,0,3,1,0,0,2,5,2,2,0,1,0,1,0,1
0,46,3,7,164,2,0,0,0,2,0,2,9,2,0,1,0,2,0,1,1
0,46,3,7,164,2,0,0,1,2,0,2,9,2,0,1,0,2,0,1,1
0,44,4,9,165,4,1,2,0,1,0,3,7,2,2,1,3,2,1,1,1
0,44,4,9,165,4,1,2,1,1,0,3,7,2,2,1,3,2,1,1,1
0,27,2,10,95,0,0,3,0,1,1,2,3,1,0,0,2,1,0,1,0
0,27,2,10,95,0,0,3,1,1,1,2,3,1,0,0,2,1,0,1,0
0,19,1,7,31,3,2,1,0,0,3,3,48,1,2,1,2,2,1,1,1
0,19,1,7,31,3,2,1,1,0,3,3,48,1,2,1,2,2,1,1,1
2,54,1,1,15,4,4,2,0,1,0,3,50,1,2,2,2,0,1,0,1
2,54,1,1,15,4,4,2,1,1,0,3,50,1,2,2,2,0,1,0,1
1,18,0,3,101,4,0,1,0,1,3,1,8,1,2,2,2,2,1,0,0
1,18,0,3,101,4,0,1,1,1,3,1,8,1,2,2,2,2,1,0,0
3,10,1,8,74,4,4,2,0,0,2,3,16,1,1,1,1,1,1,0,1
3,10,1,8,74,4,4,2,1,0,2,3,16,1,1,1,1,1,1,0,1
0,20,4,10,162,0,4,2,0,1,0,1,22,0,2,3,3,1,1,0,1
0,20,4,10,162,0,4,2,1,1,0,1,22,0,2,3,3,1,1,0,1
3,51,4,1,124,3,4,3,0,2,0,3,67,2,0,2,1,0,0,0,1
3,51,4,1,124,3,4,3,1,2,0,3,67,2,0,2,1,0,0,0,1
2,12,4,1,61,3,1,1,0,1,1,3,70,2,1,1,0,2,1,1,1
2,12,4,1,61,3,1,1,1,1,1,3,70,2,1,1,0,2,1,1,1
0,2,2,3,122,0,3,2,0,2,2,2,20,0,2,0,0,2,1,1,1
0,2,2,3,122,0,3,2,1,2,2,2,20,0,2,0,0,2,1,1,1
1,53,2,2,199,1,0,1,0,1,1,1,58,0,0,2,1,2,0,1,1
1,53,2,2,199,1,0,1,1,1,1,1,58,0,0,2,1,2,0,1,1
0,74,2,2,188,2,2,1,0,2,0,1,4,0,2,0,1,0,1,0,1
0,74,2,2,188,2,2,1,1,2,0,1,4,0,2,0,1,0,1,0,1
3,48,4,5,91,0,0,3,0,1,3,0,36,1,1,2,1,2,1,1,1
3,48,4,5,91,0,0,3,1,1,3,0,36,1,1,2,1,2,1,1,1
2,39,0,3,134,0,3,2,0,1,0,2,65,0,0,0,2,1,0,1,1
2,39,0,3,134,0,3,2,1,1,0,2,65,0,0,0,2,1,0,1,1
0,52,4,9,0,0,0,2,0,2,1,1,14,1,0,2,2,1,0,1,1
0,52,4,9,0,0,0,2,1,2,1,1,14,1,0,2,2,1,0,1,1
3,14,2,0,173,2,3,3,0,2,3,2,28,2,1,1,3,2,0,1,1
3,14,2,0,173,2,3,3,1,2,3,2,28,2,1,1,3,2,0,1,1
3,55,1,6,92,3,2,0,0,2,0,3,15,1,1,1,2,2,0,0,0
3,55,1,6,92,3,2,0,1,2,0,3,15,1,1,1,2,2,0,0,0
1,77,4,5,52,4,2,2,0,0,1,2,72,0,2,3,0,1,1,1,0
1,77,4,5,52,4,2,2,1,0,1,2,72,0,2,3,0,1,1,1,0
2,29,2,2,122,2,1,3,0,0,2,2,58,1,1,1,0,1,0,1,1
2,29,2,2,122,2,1,3,1,0,2,2,58,1,1,1,0,1,0,1,1
3,19,2,1,191,3,0,1,0,0,2,3,72,0,2,2,1,0,1,1,1
3,19,2,1,191,3,0,1,1,0,2,3,72,0,2,2,1,0,1,1,1
3,28,2,2,86,4,1,0,0,2,2,3,39,1,1,3,3,1,0,1,0
3,28,2,2,86,4,1,0,1,2,2,3,39,1,1,3,3,1,0,1,0
2,41,2,0,56,1,4,2,0,1,2,1,32,1,0,0,0,1,1,1,1
2,41,2,0,56,1,4,2,1,1,2,1,32,1,0,0,0,1,1,1,1
3,41,4,5,179,4,4,0,0,2,0,1,5,0,0,2,3,2,1,1,1
3,41,4,5,179,4,4,0,1,2,0,1,5,0,0,2,3,2,1,1,1
1,45,1,3,110,1,2,3,0,1,1,2,48,1,1,1,2,0,1,0,1
1,45,1,3,110,1,2,3,1,1,1,2,48,1,1,1,2,0,1,0,1
1,39,2,5,85,2,2,2,0,0,3,2,11,0,2,1,3,1,1,1,1
1,39,2,5,85,2,2,2,1,0,3,2,11,0,2,1,3,1,1,1,1
3,23,3,4,78,0,2,2,0,1,3,3,27,2,2,2,1,2,0,1,0
3,23,3,4,78,0,2,2,1,1,3,3,27,2,2,2,1,2,0,1,0
0,5,1,6,58,3,1,2,0,2,1,1,6,2,0,1,2,0,1,1,1
0,5,1,6,58,3,1,2,1,2,1,1,6,2,0,1,2,0,1,1,1
0,78,0,0,43,0,4,3,0,0,2,3,28,2,1,1,3,1,1,0,1
0,78,0,0,43,0,4,3,1,0,2,3,28,2,1,1,3,1,1,0,1
2,71,3,0,182,2,4,1,0,0,3,3,51,1,1,3,0,2,1,0,1
2,71,3,0,182,2,4,1,1,0,3,3,51,1,1,3,0,2,1,0,1
0,64,2,5,169,0,3,0,0,2,2,2,62,2,1,1,0,1,0,1,1
0,64,2,5,169,0,3,0,1,2,2,2,62,2,1,1,0,1,0,1,1
1,55,3,4,53,0,4,2,0,0,2,1,46,2,2,0,3,1,0,0,1
1,55,3,4,53,0,4,2,1,0,2,1,46,2,2,0,3,1,0,0,1
1,34,1,6,17,0,0,1,0,1,2,3,1,1,0,0,0,2,1,0,1
1,34,1,6,17,0,0,1,1,1,2,3,1,1,0,0,0,2,1,0,1
1,31,2,4,151,1,2,0,0,0,3,0,2,1,0,3,3,2,0,0,1
1,31,2,4,151,1,2,0,1,0,3,0,2,1,0,3,3,2,0,0,1
1,3,1,7,87,3,1,1,0,1,3,0,74,2,0,0,2,2,1,1,1
1,3,1,7,87,3,1,1,1,1,3,0,74,2,0,0,2,2,1,1,1
2,25,4,10,60,4,1,1,0,2,2,2,50,1,0,1,0,2,1,1,1
2,25,4,10,60,4,1,1,1,2,2,2,50,1,0,1,0,2,1,1,1
2,41,1,7,131,1,3,1,0,2,3,0,58,1,0,2,3,1,0,0,1
2,41,1,7,131,1,3,1,1,2,3,0,58,1,0,2,3,1,0,0,1
3,31,0,4,154,0,3,2,0,2,0,1,37,1,0,1,1,1,1,0,1
3,31,0,4,154,0,3,2,1,2,0,1,37,1,0,1,1,1,1,0,1
2,13,4,6,198,0,0,2,0,0,0,2,4,1,1,1,3,0,0,0,1
2,13,4,6,198,0,0,2,1,0,0,2,4,1,1,1,3,0,0,0,1
0,65,0,4,39,2,2,2,0,2,2,1,33,2,0,2,3,1,1,0,0
0,65,0,4,39,2,2,2,1,2,2,1,33,2,0,2,3,1,1,0,0
1,76,0,3,152,2,1,0,0,2,0,3,49,2,0,2,3,2,1,0,1
1,76,0,3,152,2,1,0,1,2,0,3,49,2,0,2,3,2,1,0,1
0,34,3,10,165,1,3,3,0,1,0,1,18,0,0,3,2,2,1,1,1
0,34,3,10,165,1,3,3,1,1,0,1,18,0,0,3,2,2,1,1,1
2,34,3,4,45,4,4,2,0,1,1,2,47,0,0,3,3,2,0,0,1
2,34,3,4,45,4,4,2,1,1,1,2,47,0,0,3,3,2,0,0,1
0,46,3,7,153,2,1,3,0,1,3,0,30,1,2,3,3,0,1,1,1
0,46,3,7,153,2,1,3,1,1,3,0,30,1,2,3,3,0,1,1,1
3,17,3,10,67,4,3,2,0,2,2,3,6,2,2,2,2,1,0,1,0
3,17,3,10,67,4,3,2,1,2,2,3,6,2,2,2,2,1,0,1,0
0,38,0,9,172,2,0,2,0,1,0,1,69,0,2,3,3,2,1,0,1
0,38,0,9,172,2,0,2,1,1,0,1,69,0,2,3,3,2,1,0,1
1,3,0,7,127,4,1,3,0,0,3,1,30,2,1,0,1,2,0,0,1
1,3,0,7,127,4,1,3,1,0,3,1,30,2,1,0,1,2,0,0,1
3,48,1,3,99,3,2,2,0,0,0,0,66,2,1,3,1,1,1,1,0
3,48,1,3,99,3,2,2,1,0,0,0,66,2,1,3,1,1,1,1,0
2,61,3,6,101,1,1,2,0,0,1,0,10,0,1,2,1,1,1,0,0
2,61,3,6,101,1,1,2,1,0,1,0,10,0,1,2,1,1,1,0,0
3,40,2,7,146,3,3,0,0,2,1,3,68,1,0,0,2,2,0,0,1
3,40,2,7,146,3,3,0,1,2,1,3,68,1,0,0,2,2,0,0,1
3,5,2,10,195,0,4,1,0,0,1,0,59,0,0,1,2,0,1,0,1
3,5,2,10,195,0,4,1,1,0,1,0,59,0,0,1,2,0,1,0,1
0,3,3,8,55,2,2,1,0,0,1,2,31,1,0,1,1,2,0,1,0
0,3,3,8,55,2,2,1,1,0,1,2,31,1,0,1,1,2,0,1,0
2,57,1,2,0,3,0,3,0,0,2,2,7,0,1,0,2,1,1,0,1
2,57,1,2,0,3,0,3,1,0,2,2,7,0,1,0,2,1,1,0,1
1,31,3,8,93,4,4,1,0,2,0,1,34,0,1,1,0,0,0,1,0
1,31,3,8,93,4,4,1,1,2,0,1,34,0,1,1,0,0,0,1,0
2,31,3,6,181,4,0,3,0,0,2,0,66,1,2,2,3,0,0,0,1
2,31,3,6,181,4,0,3,1,0,2,0,66,1,2,2,3,0,0,0,1
1,64,0,10,133,4,1,0,0,2,2,2,21,0,2,0,3,2,0,1,1
1,64,0,10,133,4,1,0,1,2,2,2,21,0,2,0,3,2,0,1,1
3,70,0,0,22,2,3,1,0,1,1,0,23,0,0,1,0,0,0,1,1
3,70,0,0,22,2,3,1,1,1,1,0,23,0,0,1,0,0,0,1,1
2,14,3,7,57,2,0,3,0,2,3,1,40,2,2,2,0,0,0,1,1
2,14,3,7,57,2,0,3,1,2,3,1,40,2,2,2,0,0,0,1,1
3,24,4,4,195,4,0,1,0,1,2,3,61,1,1,3,0,1,0,1,1
3,24,4,4,195,4,0,1,1,1,2,3,61,1,1,3,0,1,0,1,1
2,56,1,10,199,2,1,1,0,2,2,1,60,2,0,1,2,0,1,0,1
2,56,1,10,199,2,1,1,1,2,2,1,60,2,0,1,2,0,1,0,1
2,43,2,6,79,4,0,1,0,2,2,3,9,1,0,2,3,0,0,0,0
2,43,2,6,79,4,0,1,1,2,2,3,9,1,0,2,3,0,0,0,0
3,55,3,8,187,2,3,1,0,2,1,0,63,1,0,1,3,1,0,0,1
3,55,3,8,187,2,3,1,1,2,1,0,63,1,0,1,3,1,0,0,1
1,21,3,2,117,3,1,1,0,0,1,2,50,2,2,0,1,2,0,1,1
1,21,3,2,117,3,1,1,1,0,1,2,50,2,2,0,1,2,0,1,1
2,5,2,4,175,2,3,3,0,1,3,3,72,0,2,0,1,2,0,1,1
2,5,2,4,175,2,3,3,1,1,3,3,72,0,2,0,1,2,0,1,1
2,15,2,3,74,2,3,2,0,1,1,2,3,0,1,2,1,0,1,0,1
2,15,2,3,74,2,3,2,1,1,1,2,3,0,1,2,1,0,1,0,1
3,66,2,6,107,2,3,3,0,2,1,2,64,0,1,2,2,0,0,0,1
3,66,2,6,107,2,3,3,1,2,1,2,64,0,1,2,2,0,0,0,1
1,11,2,2,166,2,3,3,0,1,0,3,74,2,2,3,0,2,1,0,1
1,11,2,2,166,2,3,3,1,1,0,3,74,2,2,3,0,2,1,0,1
1,67,4,5,175,0,4,0,0,2,3,1,1,2,0,0,1,2,0,0,1
1,67,4,5,175,0,4,0,1,2,3,1,1,2,0,0,1,2,0,0,1
3,49,0,6,60,4,4,3,0,0,1,0,65,0,1,3,0,1,1,0,1
3,49,0,6,60,4,4,3,1,0,1,0,65,0,1,3,0,1,1,0,1
0,0,4,10,79,1,1,3,0,1,2,2,35,2,0,1,1,0,0,0,0
0,0,4,10,79,1,1,3,1,1,2,2,35,2,0,1,1,0,0,0,0
2,64,3,10,129,3,0,1,0,1,3,3,29,0,2,1,0,1,1,1,0
2,64,3,10,129,3,0,1,1,1,3,3,29,0,2,1,0,1,1,1,0
1,1,1,3,92,2,0,0,0,0,3,0,31,0,2,0,1,1,1,0,0
1,1,1,3,92,2,0,0,1,0,3,0,31,0,2,0,1,1,1,0,0
3,69,1,0,177,2,2,0,0,0,1,1,58,0,0,1,0,2,0,0,1
3,69,1,0,177,2,2,0,1,0,1,1,58,0,0,1,0,2,0,0,1
2,59,4,0,12,4,0,0,0,2,2,3,2,2,2,1,3,1,0,1,1
2,59,4,0,12,4,0,0,1,2,2,3,2,2,2,1,3,1,0,1,1
0,70,1,6,10,4,4,0,0,2,2,0,9,1,2,0,1,1,0,0,1
0,70,1,6,10,4,4,0,1,2,2,0,9,1,2,0,1,1,0,0,1
3,71,4,7,130,4,4,1,0,1,1,0,63,1,0,0,0,1,1,0,1
3,71,4,7,130,4,4,1,1,1,1,0,63,1,0,0,0,1,1,0,1
2,42,1,7,3,2,0,1,0,2,2,2,24,2,0,1,1,0,0,0,1
2,42,1,7,3,2,0,1,1,2,2,2,24,2,0,1,1,0,0,0,1
2,78,0,0,129,2,3,3,0,2,3,3,36,2,0,0,3,1,0,1,0
2,78,0,0,129,2,3,3,1,2,3,3,36,2,0,0,3,1,0,1,0
0,7,1,8,25,3,4,1,0,1,1,2,64,1,2,1,0,0,1,0,1
0,7,1,8,25,3,4,1,1,1,1,2,64,1,2,1,0,0,1,0,1
3,12,3,9,139,1,0,0,0,2,0,3,51,1,1,3,0,1,0,0,1
3,12,3,9,139,1,0,0,1,2,0,3,51,1,1,3,0,1,0,0,1
0,30,3,7,53,0,1,3,0,1,3,1,55,1,0,2,3,0,1,1,1
0,30,3,7,53,0,1,3,1,1,3,1,55,1,0,2,3,0,1,1,1
2,78,1,8,94,3,0,3,0,0,3,1,33,0,1,0,2,0,0,0,1
2,78,1,8,94,3,0,3,1,0,3,1,33,0,1,0,2,0,0,0,1
3,0,4,6,17,0,4,0,0,1,2,0,19,1,2,2,0,2,1,0,1
3,0,4,6,17,0,4,0,1,1,2,0,19,1,2,2,0,2,1,0,1
3,46,0,2,41,2,4,3,0,0,2,2,52,2,1,1,0,0,0,0,0
3,46,0,2,41,2,4,3,1,0,2,2,52,2,1,1,0,0,0,0,0
1,74,3,7,149,1,4,3,0,1,1,1,53,0,0,0,2,2,0,0,1
1,74,3,7,149,1,4,3,1,1,1,1,53,0,0,0,2,2,0,0,1
0,36,2,0,9,4,0,0,0,1,2,2,18,2,2,2,0,0,1,1,1
0,36,2,0,9,4,0,0,1,1,2,2,18,2,2,2,0,0,1,1,1
3,35,3,3,52,2,4,3,0,1,2,3,62,0,2,1,1,1,0,0,0
3,35,3,3,52,2,4,3,1,1,2,3,62,0,2,1,1,1,0,0,0
2,27,4,3,97,2,2,1,0,0,2,3,24,1,2,1,2,0,1,1,1
2,27,4,3,97,2,2,1,1,0,2,3,24,1,2,1,2,0,1,1,1
0,22,0,8,114,2,3,1,0,0,0,0,22,0,0,3,2,0,1,1,1
0,22,0,8,114,2,3,1,1,0,0,0,22,0,0,3,2,0,1,1,1
0,42,0,0,133,2,3,3,0,0,2,3,60,2,1,3,0,1,0,0,1
0,42,0,0,133,2,3,3,1,0,2,3,60,2,1,3,0,1,0,0,1
2,64,0,7,128,1,4,0,0,1,3,0,55,2,0,2,2,0,1,1,1
2,64,0,7,128,1,4,0,1,1,3,0,55,2,0,2,2,0,1,1,1
2,41,2,0,91,2,2,1,0,1,3,1,67,2,2,3,2,0,1,0,1
2,41,2,0,91,2,2,1,1,1,3,1,67,2,2,3,2,0,1,0,1
3,13,2,6,100,3,1,2,0,0,2,2,41,1,0,3,1,2,0,1,1
3,13,2,6,100,3,1,2,1,0,2,2,41,1,0,3,1,2,0,1,1
3,46,0,1,106,2,3,3,0,0,2,2,20,0,2,2,1,2,1,1,1
3,46,0,1,106,2,3,3,1,0,2,2,20,0,2,2,1,2,1,1,1
0,22,1,3,90,0,2,3,0,2,3,0,5,1,0,0,2,2,0,1,0
0,22,1,3,90,0,2,3,1,2,3,0,5,1,0,0,2,2,0,1,0
3,17,0,6,169,3,3,0,0,0,2,3,66,2,1,2,0,0,1,0,1
3,17,0,6,169,3,3,0,1,0,2,3,66,2,1,2,0,0,1,0,1
3,5,3,8,55,1,3,0,0,1,0,2,56,2,2,1,1,0,1,1,0
3,5,3,8,55,1,3,0,1,1,0,2,56,2,2,1,1,0,1,1,0
2,20,3,2,147,3,2,2,0,0,0,1,47,2,0,1,3,2,1,1,0
2,20,3,2,147,3,2,2,1,0,0,1,47,2,0,1,3,2,1,1,0
1,27,0,1,111,4,0,2,0,0,2,3,35,0,2,3,2,1,0,0,1
1,27,0,1,111,4,0,2,1,0,2,3,35,0,2,3,2,1,0,0,1
2,37,4,5,135,2,4,1,0,0,2,3,63,0,0,0,3,2,1,0,1
2,37,4,5,135,2,4,1,1,0,2,3,63,0,0,0,3,2,1,0,1
0,76,1,2,107,2,0,0,0,2,2,0,71,0,1,1,3,0,0,0,1
0,76,1,2,107,2,0,0,1,2,2,0,71,0,1,1,3,0,0,0,1
1,26,3,4,1,3,4,3,0,0,0,2,9,1,0,1,3,0,1,1,1
1,26,3,4,1,3,4,3,1,0,0,2,9,1,0,1,3,0,1,1,1
2,54,4,8,106,1,0,0,0,1,3,2,5,1,2,3,1,0,0,1,1
2,54,4,8,106,1,0,0,1,1,3,2,5,1,2,3,1,0,0,1,1
3,33,4,3,9,4,1,0,0,0,2,3,59,1,1,0,1,1,0,1,1
3,33,4,3,9,4,1,0,1,0,2,3,59,1,1,0,1,1,0,1,1
1,75,3,9,122,0,2,3,0,1,1,0,17,0,2,3,1,2,1,0,1
1,75,3,9,122,0,2,3,1,1,1,0,17,0,2,3,1,2,1,0,1
1,59,1,5,12,2,1,3,0,1,2,0,2,0,1,0,3,1,1,1,1
1,59,1,5,12,2,1,3,1,1,2,0,2,0,1,0,3,1,1,1,1
0,49,4,0,169,2,4,3,0,1,3,3,13,1,2,1,3,1,1,0,1
0,49,4,0,169,2,4,3,1,1,3,3,13,1,2,1,3,1,1,0,1
3,63,2,2,196,1,1,1,0,1,0,2,36,1,1,3,1,0,1,1,1
3,63,2,2,196,1,1,1,1,1,0,2,36,1,1,3,1,0,1,1,1
0,22,3,0,188,4,2,3,0,0,1,3,72,1,1,3,1,2,1,0,1
0,22,3,0,188,4,2,3,1,0,1,3,72,1,1,3,1,2,1,0,1
3,59,2,2,120,2,0,3,0,2,0,0,11,0,1,3,2,1,0,1,1
3,59,2,2,120,2,0,3,1,2,0,0,11,0,1,3,2,1,0,1,1
0,50,1,9,103,1,4,0,0,1,3,0,51,2,0,0,0,0,1,1,1
0,50,1,9,103,1,4,0,1,1,3,0,51,2,0,0,0,0,1,1,1
1,51,1,0,1,3,2,1,0,0,3,1,51,1,0,2,3,2,1,0,1
1,51,1,0,1,3,2,1,1,0,3,1,51,1,0,2,3,2,1,0,1
1,71,0,6,87,3,0,0,0,1,0,1,27,2,0,0,3,2,1,0,1
1,71,0,6,87,3,0,0,1,1,0,1,27,2,0,0,3,2,1,0,1
2,25,4,7,93,3,0,3,0,1,0,1,69,0,2,2,0,2,0,0,0
2,25,4,7,93,3,0,3,1,1,0,1,69,0,2,2,0,2,0,0,0
0,77,4,9,90,2,0,1,0,1,0,2,24,2,2,0,2,1,0,1,0
0,77,4,9,90,2,0,1,1,1,0,2,24,2,2,0,2,1,0,1,0
3,34,3,4,150,1,3,3,0,2,2,3,31,2,1,0,0,0,0,1,1
3,34,3,4,150,1,3,3,1,2,2,3,31,2,1,0,0,0,0,1,1
2,76,4,5,29,3,4,1,0,1,1,1,73,0,2,0,2,2,0,0,1
2,76,4,5,29,3,4,1,1,1,1,1,73,0,2,0,2,2,0,0,1
0,14,1,5,54,2,2,0,0,0,1,2,61,0,2,0,3,1,0,0,1
0,14,1,5,54,2,2,0,1,0,1,2,61,0,2,0,3,1,0,0,1
3,42,0,1,49,4,4,1,0,2,0,1,26,0,0,1,2,0,1,0,0
3,42,0,1,49,4,4,1,1,2,0,1,26,0,0,1,2,0,1,0,0
1,53,4,9,144,0,0,2,0,0,2,1,8,2,2,2,1,2,0,1,0
1,53,4,9,144,0,0,2,1,0,2,1,8,2,2,2,1,2,0,1,0
2,24,4,10,88,0,1,0,0,1,3,1,68,1,2,2,0,2,1,0,1
2,24,4,10,88,0,1,0,1,1,3,1,68,1,2,2,0,2,1,0,1
0,13,1,7,47,4,2,2,0,1,2,3,35,1,2,1,3,2,1,0,1
0,13,1,7,47,4,2,2,1,1,2,3,35,1,2,1,3,2,1,0,1
3,68,4,3,112,4,4,1,0,2,0,3,50,0,1,1,0,1,1,0,1
3,68,4,3,112,4,4,1,1,2,0,3,50,0,1,1,0,1,1,0,1
2,12,3,8,165,0,4,0,0,2,3,1,41,0,1,0,3,0,1,0,1
2,12,3,8,165,0,4,0,1,2,3,1,41,0,1,0,3,0,1,0,1
0,5,1,8,144,3,2,2,0,1,3,0,35,0,0,1,1,2,1,1,0
0,5,1,8,144,3,2,2,1,1,3,0,35,0,0,1,1,2,1,1,0
1,67,0,10,163,3,4,0,0,0,2,3,63,1,0,3,3,1,0,1,1
1,67,0,10,163,3,4,0,1,0,2,3,63,1,0,3,3,1,0,1,1
2,66,2,2,21,1,2,0,0,0,2,1,48,0,0,2,2,2,0,1,1
2,66,2,2,21,1,2,0,1,0,2,1,48,0,0,2,2,2,0,1,1
0,42,3,10,199,4,3,2,0,2,0,3,17,1,2,0,2,0,1,0,1
0,42,3,10,199,4,3,2,1,2,0,3,17,1,2,0,2,0,1,0,1
0,79,3,7,45,2,3,1,0,0,1,3,7,0,2,3,1,0,0,0,1
0,79,3,7,45,2,3,1,1,0,1,3,7,0,2,3,1,0,0,0,1
0,9,4,7,67,0,2,0,0,2,1,2,19,2,1,0,0,0,0,1,0
0,9,4,7,67,0,2,0,1,2,1,2,19,2,1,0,0,0,0,1,0
3,10,3,0,141,2,3,1,0,0,0,0,72,2,2,0,3,0,0,0,1
3,10,3,0,141,2,3,1,1,0,0,0,72,2,2,0,3,0,0,0,1
0,51,4,3,178,1,3,0,0,2,3,2,55,0,0,1,2,2,0,0,1
0,51,4,3,178,1,3,0,1,2,3,2,55,0,0,1,2,2,0,0,1
2,8,3,2,5,0,2,0,0,0,2,3,20,2,2,0,1,1,1,1,1
2,8,3,2,5,0,2,0,1,0,2,3,20,2,2,0,1,1,1,1,1
2,66,3,10,140,0,0,3,0,0,0,2,33,1,1,0,0,2,1,0,0
2,66,3,10,140,0,0,3,1,0,0,2,33,1,1,0,0,2,1,0,0
3,4,0,2,116,4,2,1,0,0,2,2,8,0,2,3,3,0,0,1,1
3,4,0,2,116,4,2,1,1,0,2,2,8,0,2,3,3,0,0,1,1
2,7,1,3,38,0,0,0,0,2,2,3,56,0,0,1,3,0,0,1,1
2,7,1,3,38,0,0,0,1,2,2,3,56,0,0,1,3,0,0,1,1
0,74,3,7,147,0,3,2,0,0,3,2,7,0,1,0,0,0,0,1,0
0,74,3,7,147,0,3,2,1,0,3,2,7,0,1,0,0,0,0,1,0
2,67,2,1,191,0,3,3,0,2,1,0,22,2,2,0,1,0,0,1,1
2,67,2,1,191,0,3,3,1,2,1,0,22,2,2,0,1,0,0,1,1
0,45,0,0,55,2,4,2,0,2,3,1,1,0,1,2,1,2,0,1,0
0,45,0,0,55,2,4,2,1,2,3,1,1,0,1,2,1,2,0,1,0
0,35,0,4,172,1,2,2,0,2,1,1,72,1,1,1,2,2,0,1,1
0,35,0,4,172,1,2,2,1,2,1,1,72,1,1,1,2,2,0,1,1
3,34,2,1,21,3,3,3,0,1,0,2,66,0,0,0,2,1,1,0,1
3,34,2,1,21,3,3,3,1,1,0,2,66,0,0,0,2,1,1,0,1
1,40,1,2,103,2,4,2,0,0,3,3,40,1,2,3,1,1,1,1,1
1,40,1,2,103,2,4,2,1,0,3,3,40,1,2,3,1,1,1,1,1
2,78,0,2,172,1,2,3,0,2,1,2,72,1,0,1,2,2,0,0,1
2,78,0,2,172,1,2,3,1,2,1,2,72,1,0,1,2,2,0,0,1
3,17,3,10,144,3,1,2,0,1,1,3,10,1,1,1,1,0,1,0,0
3,17,3,10,144,3,1,2,1,1,1,3,10,1,1,1,1,0,1,0,0
3,32,0,10,47,4,4,0,0,2,2,3,23,1,2,1,0,1,0,0,1
3,32,0,10,47,4,4,0,1,2,2,3,23,1,2,1,0,1,0,0,1
0,50,4,4,13,1,2,2,0,2,0,3,43,0,0,1,2,1,1,0,1
0,50,4,4,13,1,2,2,1,2,0,3,43,0,0,1,2,1,1,0,1
2,68,3,8,11,1,3,2,0,0,1,3,59,1,1,2,3,1,1,1,1
2,68,3,8,11,1,3,2,1,0,1,3,59,1,1,2,3,1,1,1,1
0,45,1,2,37,0,3,0,0,2,3,2,51,0,0,2,0,2,1,1,1
0,45,1,2,37,0,3,0,1,2,3,2,51,0,0,2,0,2,1,1,1
2,70,1,8,110,2,4,3,0,2,1,2,39,0,0,2,3,1,1,0,1
2,70,1,8,110,2,4,3,1,2,1,2,39,0,0,2,3,1,1,0,1
2,67,1,7,95,1,1,1,0,2,3,3,34,0,0,3,0,1,1,1,0
2,67,1,7,95,1,1,1,1,2,3,3,34,0,0,3,0,1,1,1,0
0,37,2,1,128,0,0,0,0,2,0,3,58,2,0,0,1,0,1,1,1
0,37,2,1,128,0,0,0,1,2,0,3,58,2,0,0,1,0,1,1,1
1,19,2,2,198,3,2,2,0,1,3,0,63,1,0,3,2,0,1,0,1
1,19,2,2,198,3,2,2,1,1,3,0,63,1,0,3,2,0,1,0,1
0,69,0,5,40,0,3,0,0,1,0,0,12,2,0,0,0,2,1,1,1
0,69,0,5,40,0,3,0,1,1,0,0,12,2,0,0,0,2,1,1,1
2,39,0,7,54,2,4,2,0,0,0,2,40,1,1,0,0,0,0,1,1
2,39,0,7,54,2,4,2,1,0,0,2,40,1,1,0,0,0,0,1,1
1,31,1,3,173,3,2,3,0,2,1,2,51,2,1,0,0,0,1,0,1
1,31,1,3,173,3,2,3,1,2,1,2,51,2,1,0,0,0,1,0,1
1,67,4,3,107,0,0,0,0,1,1,3,34,0,0,1,3,2,1,0,1
1,67,4,3,107,0,0,0,1,1,1,3,34,0,0,1,3,2,1,0,1
3,77,3,5,28,2,2,1,0,2,3,0,45,2,2,0,3,0,1,1,1
3,77,3,5,28,2,2,1,1,2,3,0,45,2,2,0,3,0,1,1,1
1,73,3,3,152,3,0,2,0,0,1,0,0,2,1,3,2,0,0,1,1
1,73,3,3,152,3,0,2,1,0,1,0,0,2,1,3,2,0,0,1,1
2,3,3,9,37,2,4,0,0,2,1,0,10,2,0,2,3,1,1,0,1
2,3,3,9,37,2,4,0,1,2,1,0,10,2,0,2,3,1,1,0,1
2,78,1,3,34,4,1,1,0,0,3,2,56,0,2,3,3,1,1,0,1
2,78,1,3,34,4,1,1,1,0,3,2,56,0,2,3,3,1,1,0,1
3,60,3,10,132,0,3,3,0,1,0,3,17,1,2,0,0,1,0,0,1
3,60,3,10,132,0,3,3,1,1,0,3,17,1,2,0,0,1,0,0,1
2,44,3,8,147,3,4,2,0,2,1,3,15,2,1,2,3,0,1,0,0
2,44,3,8,147,3,4,2,1,2,1,3,15,2,1,2,3,0,1,0,0
3,12,2,4,112,0,2,0,0,1,0,1,59,2,2,1,0,2,1,1,1
3,12,2,4,112,0,2,0,1,1,0,1,59,2,2,1,0,2,1,1,1
2,22,3,7,148,0,1,2,0,2,2,3,48,2,2,1,3,0,1,0,0
2,22,3,7,148,0,1,2,1,2,2,3,48,2,2,1,3,0,1,0,0
3,45,1,6,112,4,1,3,0,2,2,1,42,2,2,0,2,2,1,1,1
3,45,1,6,112,4,1,3,1,2,2,1,42,2,2,0,2,2,1,1,1
0,66,3,9,179,1,3,0,0,1,1,3,33,1,1,1,2,1,0,0,1
0,66,3,9,179,1,3,0,1,1,1,3,33,1,1,1,2,1,0,0,1
0,27,1,8,87,2,0,0,0,0,1,0,49,0,1,3,1,0,1,1,1
0,27,1,8,87,2,0,0,1,0,1,0,49,0,1,3,1,0,1,1,1
1,43,0,5,142,3,4,1,0,1,2,2,13,1,0,0,1,2,0,1,1
1,43,0,5,142,3,4,1,1,1,2,2,13,1,0,0,1,2,0,1,1
2,14,1,6,127,0,3,2,0,0,0,2,31,1,2,0,0,1,0,0,1
2,14,1,6,127,0,3,2,1,0,0,2,31,1,2,0,0,1,0,0,1
1,73,3,2,124,4,1,0,0,0,3,3,48,0,2,3,1,0,1,0,1
1,73,3,2,124,4,1,0,1,0,3,3,48,0,2,3,1,0,1,0,1
2,15,0,3,19,4,1,1,0,1,2,2,19,2,2,0,1,2,0,0,1
2,15,0,3,19,4,1,1,1,1,2,2,19,2,2,0,1,2,0,0,1
3,50,1,0,5,4,3,2,0,0,2,3,55,0,1,1,3,1,0,0,1
3,50,1,0,5,4,3,2,1,0,2,3,55,0,1,1,3,1,0,0,1
3,0,3,1,10,0,0,1,0,2,0,1,3,0,2,2,2,1,1,1,1
3,0,3,1,10,0,0,1,1,2,0,1,3,0,2,2,2,1,1,1,1
3,64,1,5,151,3,4,3,0,0,3,2,51,0,2,3,0,2,1,1,1
3,64,1,5,151,3,4,3,1,0,3,2,51,0,2,3,0,2,1,1,1
3,28,2,1,16,1,4,1,0,0,0,0,27,2,0,3,3,2,1,0,1
3,28,2,1,16,1,4,1,1,0,0,0,27,2,0,3,3,2,1,0,1
3,27,2,6,3,1,2,1,0,0,0,2,18,0,2,2,3,0,0,1,1
3,27,2,6,3,1,2,1,1,0,0,2,18,0,2,2,3,0,0,1,1
3,69,1,10,155,1,3,3,0,0,0,3,37,2,0,2,1,2,0,1,1
3,69,1,10,155,1,3,3,1,0,0,3,37,2,0,2,1,2,0,1,1
3,35,4,4,167,3,3,0,0,1,1,3,13,1,1,1,0,2,1,0,1
3,35,4,4,167,3,3,0,1,1,1,3,13,1,1,1,0,2,1,0,1
2,69,1,4,146,3,2,3,0,1,0,0,68,2,1,2,0,0,1,0,1
2,69,1,4,146,3,2,3,1,1,0,0,68,2,1,2,0,0,1,0,1
2,61,2,9,63,3,2,0,0,2,0,0,64,2,0,1,1,2,1,1,0
2,61,2,9,63,3,2,0,1,2,0,0,64,2,0,1,1,2,1,1,0
3,7,1,7,138,4,1,2,0,1,0,1,66,2,2,1,3,1,0,1,1
3,7,1,7,138,4,1,2,1,1,0,1,66,2,2,1,3,1,0,1,1
2,13,0,1,22,0,4,0,0,0,1,0,15,0,2,2,3,2,1,1,1
2,13,0,1,22,0,4,0,1,0,1,0,15,0,2,2,3,2,1,1,1
0,22,2,9,53,3,3,2,0,2,1,3,62,1,1,1,2,1,0,1,1
0,22,2,9,53,3,3,2,1,2,1,3,62,1,1,1,2,1,0,1,1
3,13,3,6,100,2,2,1,0,0,2,0,16,2,0,3,3,1,0,1,1
3,13,3,6,100,2,2,1,1,0,2,0,16,2,0,3,3,1,0,1,1
3,36,0,3,8,2,3,2,0,1,3,2,26,2,2,2,0,1,1,1,1
3,36,0,3,8,2,3,2,1,1,3,2,26,2,2,2,0,1,1,1,1
3,77,2,2,55,2,4,0,0,2,3,2,54,2,1,1,3,0,0,0,0
3,77,2,2,55,2,4,0,1,2,3,2,54,2,1,1,3,0,0,0,0
2,28,4,4,108,0,0,3,0,2,1,1,44,2,1,1,3,0,1,0,1
2,28,4,4,108,0,0,3,1,2,1,1,44,2,1,1,3,0,1,0,1
0,59,2,10,63,4,3,2,0,2,1,2,45,0,2,3,3,0,1,0,0
0,59,2,10,63,4,3,2,1,2,1,2,45,0,2,3,3,0,1,0,0
