a,b,c,d,e,f,g,h,i,j,k,l,m,n,o,p,q,r,s,t,u
0,12,0,0,10,0,2,4,0,0,4,2,48,0,1,2,2,1,0,0,0
0,12,0,3,61,0,2,4,0,0,2,1,28,2,0,2,2,1,1,0,0
0,12,0,5,11,0,3,4,0,0,3,0,28,2,1,2,2,1,0,0,0
0,12,1,0,6,0,1,4,0,0,2,2,46,0,1,2,2,1,1,0,0
0,12,1,3,21,0,2,4,0,0,1,3,29,2,2,1,2,1,0,0,0
0,12,1,3,6,0,2,4,1,0,4,0,24,0,1,1,1,1,0,0,0
0,12,2,0,12,0,1,3,1,0,1,0,37,2,1,1,1,1,0,0,0
0,12,2,0,12,0,2,4,1,0,2,0,24,2,1,1,1,1,0,0,0
0,12,2,0,13,0,3,2,0,0,3,2,36,2,1,1,2,1,0,0,0
0,12,2,0,25,0,1,4,0,0,1,0,33,2,1,1,1,2,0,0,0
0,12,2,0,7,0,3,4,0,0,2,0,26,2,1,1,2,1,0,0,0
0,12,2,0,9,4,2,4,0,0,2,2,23,2,1,1,2,1,0,0,0
0,12,2,1,33,0,4,3,0,0,4,3,35,2,2,1,2,1,1,0,0
0,12,2,2,12,0,2,2,1,0,4,2,20,2,0,1,2,1,0,0,0
0,12,2,2,78,0,4,4,0,0,4,3,53,2,2,1,3,1,1,0,0
0,12,2,3,6,1,3,4,0,0,1,1,20,2,1,1,2,1,0,0,0
0,12,2,3,7,0,4,4,0,0,4,0,57,1,1,1,1,1,0,0,0
0,12,2,3,7,1,1,4,0,0,3,3,33,2,1,1,1,1,1,0,0
0,12,2,4,7,1,0,4,1,0,3,1,22,2,1,1,2,1,0,0,0
0,12,2,6,6,0,2,4,0,0,4,2,40,2,0,1,1,2,0,0,0
0,12,2,6,7,0,1,4,1,0,4,1,53,2,1,1,2,1,0,0,0
0,12,2,8,9,0,3,4,0,0,4,1,21,2,0,1,2,1,0,0,0
0,12,4,0,34,0,2,3,1,1,2,0,29,2,1,2,2,1,0,0,0
0,12,4,0,48,0,4,3,0,1,4,1,43,2,0,2,2,1,1,0,0
0,12,4,0,6,0,4,4,0,0,3,1,35,2,1,2,2,1,0,0,0
0,12,4,2,22,0,4,3,0,0,3,1,60,2,1,2,2,1,0,0,0
0,14,2,0,89,0,4,1,0,0,4,1,45,2,1,1,3,1,1,1,0
0,15,0,0,9,0,4,4,0,0,3,2,33,2,0,2,2,2,0,0,0
0,15,2,0,39,0,2,3,1,0,2,1,29,2,1,1,2,1,1,0,0
0,15,2,4,12,4,2,4,1,0,2,2,24,2,0,1,2,1,0,0,0
0,16,4,0,26,0,4,2,0,2,4,1,43,0,0,1,2,1,1,0,0
0,18,0,2,31,0,1,1,1,0,4,1,26,2,0,1,2,1,0,0,0
0,18,1,0,14,0,3,4,0,0,4,3,32,2,2,2,1,2,0,0,0
0,18,1,2,15,0,2,4,0,0,3,2,44,0,1,1,2,1,0,0,0
0,18,2,0,12,0,1,4,1,0,3,2,23,2,0,1,2,1,1,0,0
0,18,2,0,9,0,1,1,1,0,2,2,23,2,1,1,1,1,0,0,0
0,18,2,1,75,4,4,1,0,0,4,1,51,2,2,1,2,2,1,0,0
0,18,2,2,11,0,0,4,1,0,2,2,33,2,1,1,2,1,0,0,0
0,18,2,2,20,0,2,1,1,0,4,0,20,0,0,1,2,1,0,0,0
0,18,2,2,24,0,0,4,0,0,1,2,25,2,1,1,0,1,0,0,0
0,18,2,2,24,0,2,2,0,0,2,2,22,2,1,1,2,1,0,0,0
0,18,2,2,41,0,2,2,0,1,3,2,42,2,1,1,2,1,0,0,0
0,18,2,3,13,0,2,4,0,0,3,0,26,0,1,1,2,1,0,0,0
0,18,2,3,18,0,2,4,1,0,4,2,25,0,0,2,2,1,0,0,0
0,18,2,3,26,0,2,4,0,0,4,3,65,2,2,2,2,1,0,0,0
0,18,2,3,31,0,2,2,1,0,2,0,24,2,1,1,2,1,0,0,0
0,18,2,4,12,0,2,4,0,0,3,0,47,2,1,1,1,1,1,0,0
0,18,2,6,7,0,0,4,1,0,1,0,27,2,1,1,0,1,0,0,0
0,18,4,0,39,0,4,1,1,0,4,0,33,0,0,3,2,1,1,0,0
0,18,4,2,21,0,2,4,1,0,4,0,24,2,0,2,2,1,0,0,0
0,18,4,5,11,0,0,2,1,0,4,3,55,2,2,3,0,2,0,0,0
0,20,4,0,22,0,2,4,0,2,2,1,33,0,0,2,2,1,0,1,0
0,21,1,0,16,4,2,4,0,0,2,1,40,2,1,2,1,2,0,0,0
0,21,2,3,18,0,2,3,1,0,2,0,25,2,1,2,2,1,1,0,0
0,21,3,6,34,0,1,2,0,0,1,1,26,2,1,2,2,1,0,0,0
0,24,0,2,41,0,4,3,0,0,4,3,23,0,0,2,2,2,0,0,0
0,24,1,0,11,0,0,1,1,1,4,3,29,2,0,2,0,1,0,0,0
0,24,1,10,13,4,4,4,0,0,3,2,40,1,1,1,3,1,1,0,0
0,24,1,2,33,2,1,4,0,0,4,3,30,2,2,1,2,2,1,0,0
0,24,1,2,35,0,3,3,0,0,4,2,27,0,1,1,2,1,0,0,0
0,24,1,2,68,0,1,2,0,0,1,1,55,0,1,1,2,1,1,0,0
0,24,1,3,15,0,3,4,0,2,4,2,24,0,0,1,1,1,0,0,0
0,24,1,9,31,0,2,4,0,0,2,1,31,2,0,1,2,1,1,0,0
0,24,2,0,12,0,1,4,1,0,4,1,24,2,0,1,2,1,0,0,0
0,24,2,0,12,4,3,4,1,0,4,3,32,2,0,1,2,1,0,0,0
0,24,2,0,13,4,2,4,1,0,2,1,35,2,1,1,2,1,0,0,0
0,24,2,0,13,4,2,4,1,0,4,0,25,2,0,1,2,1,0,0,0
0,24,2,0,14,0,3,4,1,0,4,2,23,2,0,2,2,1,0,0,0
0,24,2,0,23,0,4,4,0,1,1,0,45,2,1,1,2,1,0,0,0
0,24,2,0,31,0,1,4,1,0,1,1,27,2,1,1,2,1,0,0,0
0,24,2,0,48,0,3,2,0,1,3,1,31,2,1,1,2,1,1,0,0
0,24,2,0,9,4,4,4,1,0,2,2,29,0,1,1,2,1,0,0,0
0,24,2,2,23,1,0,1,0,0,1,1,33,2,1,1,2,1,0,0,0
0,24,2,2,29,4,2,2,0,0,4,2,20,2,1,1,2,1,0,0,0
0,24,2,2,32,0,1,4,1,0,4,0,23,2,0,1,1,1,1,0,0
0,24,2,2,33,0,4,4,0,0,2,1,39,2,0,1,3,1,1,0,0
0,24,2,3,12,1,2,4,1,0,2,2,32,2,1,1,1,1,0,0,0
0,24,2,3,18,0,0,4,0,0,2,2,30,1,1,1,3,2,0,0,0
0,24,2,3,19,0,1,4,0,0,3,1,32,2,1,1,2,1,0,0,0
0,24,2,3,19,0,2,2,0,0,4,0,21,2,0,1,1,2,0,0,0
0,24,2,3,24,0,1,4,1,0,4,0,35,2,1,1,2,1,1,0,0
0,24,3,0,13,0,0,4,0,0,2,0,43,2,2,2,2,2,0,0,0
0,24,3,0,48,0,2,3,0,0,4,3,53,2,2,2,2,2,0,0,0
0,24,3,3,10,0,1,4,0,0,4,0,48,1,1,1,2,1,0,0,0
0,24,3,3,16,0,1,4,1,0,2,2,29,2,0,1,1,1,1,0,0
0,24,4,0,11,0,4,4,0,0,4,2,60,2,1,2,1,1,0,0,0
0,27,0,9,52,0,0,2,0,0,4,1,50,1,1,2,2,1,1,0,0
0,28,2,0,40,0,2,3,0,0,2,2,45,2,1,1,1,1,0,0,0
0,30,2,2,24,0,3,4,1,0,4,0,23,2,0,1,2,1,0,0,0
0,30,2,2,31,0,1,2,0,0,4,1,31,2,1,1,1,1,0,0,0
0,30,2,2,63,4,4,4,0,0,4,1,31,2,1,1,2,1,0,0,0
0,30,2,5,119,0,1,1,0,0,1,3,34,2,1,1,1,1,1,0,0
0,33,4,2,42,2,2,1,1,0,4,2,23,2,1,2,2,1,0,0,0
0,36,1,2,27,0,4,4,0,0,4,2,31,0,1,1,2,1,0,0,0
0,36,2,0,18,0,1,4,1,0,4,2,34,2,1,1,2,1,1,0,0
0,36,2,0,92,0,3,2,0,0,1,2,24,2,1,1,2,1,1,0,0
0,36,2,1,82,0,2,2,0,0,2,1,26,2,1,1,2,2,0,0,0
0,36,2,1,83,4,4,3,0,0,4,3,47,2,2,1,2,1,0,0,0
0,36,2,2,27,0,4,2,0,0,2,1,41,0,1,1,2,2,0,0,0
0,36,2,2,34,0,4,4,0,0,2,2,42,2,1,1,2,2,0,0,0
0,36,2,2,51,0,3,4,0,0,2,1,29,2,1,1,2,1,0,0,0
0,36,2,3,23,0,2,4,0,0,4,2,31,2,0,1,2,1,0,0,0
0,36,2,6,19,4,4,4,0,0,4,3,40,2,1,1,3,1,1,0,0
0,36,3,6,68,0,2,4,0,0,3,1,29,1,1,1,2,1,1,0,0
0,36,3,9,21,0,3,2,0,0,1,2,24,2,1,2,2,1,1,0,0
0,36,4,1,96,0,3,4,0,0,4,2,24,2,1,2,2,1,1,0,0
0,36,4,2,62,0,1,4,1,1,4,3,23,2,0,2,1,1,1,0,0
0,36,4,6,80,0,2,3,1,0,2,3,25,2,1,2,3,1,1,0,0
0,40,4,6,59,0,2,4,0,0,3,3,27,0,1,1,2,1,1,0,0
0,42,2,3,39,0,1,4,0,0,3,2,34,2,1,1,2,1,0,0,0
0,42,2,3,71,4,3,4,1,0,3,2,30,2,1,1,3,1,1,0,0
0,42,3,3,43,0,3,3,0,0,2,1,26,0,1,2,2,2,1,0,0
0,45,0,9,118,0,4,2,0,0,4,2,29,2,0,2,2,1,0,0,0
0,45,2,3,18,0,2,4,0,0,4,3,23,2,2,1,2,1,1,0,0
0,48,0,1,46,0,4,3,0,0,4,3,24,2,2,2,2,2,0,0,0
0,48,0,2,71,0,2,3,0,0,4,3,53,2,2,2,2,2,0,0,0
0,48,1,9,76,0,3,2,1,2,4,2,37,2,0,1,2,1,0,0,0
0,48,2,0,39,0,3,4,0,0,4,3,46,2,2,1,2,2,0,0,0
0,48,2,0,77,0,4,4,0,0,4,3,42,0,2,1,3,1,0,0,0
0,48,2,1,102,0,3,4,0,0,4,3,39,1,2,3,2,2,1,0,0
0,48,2,3,67,0,2,3,1,0,2,2,31,2,1,1,2,1,1,0,0
0,48,2,3,69,0,3,1,0,2,1,0,34,2,1,2,2,1,1,0,0
0,48,2,4,30,0,2,3,0,0,4,2,54,2,1,1,2,1,0,0,0
0,48,2,9,43,0,1,3,1,0,4,1,24,2,0,1,2,1,0,0,0
0,48,4,1,61,0,4,4,1,0,4,3,58,1,2,2,1,1,0,0,0
0,48,4,1,63,0,4,4,0,0,4,3,46,2,2,2,2,1,1,0,0
0,6,1,6,11,0,4,4,1,0,4,3,35,2,2,1,2,1,0,0,0
0,6,2,0,148,0,4,1,0,0,4,3,68,0,1,1,3,1,1,0,0
0,6,2,6,4,0,1,4,1,0,4,1,23,2,1,1,2,1,0,0,0
0,6,4,2,33,0,2,1,0,0,4,0,44,2,0,1,3,1,1,0,0
0,60,2,9,72,0,4,4,0,1,4,3,36,2,0,1,2,1,0,0,0
0,60,3,9,68,0,4,3,0,0,4,3,63,2,1,2,2,1,1,0,0
0,9,2,0,14,0,1,3,0,0,2,3,27,2,2,1,3,1,1,0,0
0,9,2,0,6,0,2,4,0,0,3,2,28,2,1,1,1,1,0,0,0
0,9,2,3,13,0,1,3,1,0,4,1,22,2,0,1,2,1,0,0,0
1,12,0,2,29,0,1,4,1,0,3,1,25,2,0,2,2,1,0,0,0
1,12,2,0,12,0,1,3,1,0,1,2,25,2,0,1,2,1,0,0,0
1,12,2,0,12,0,4,1,0,0,1,0,46,2,0,2,2,1,0,0,0
1,12,2,0,6,0,3,2,0,0,3,2,25,0,1,1,1,1,0,0,0
1,12,2,0,8,0,4,4,0,0,4,2,41,0,1,1,1,2,0,0,0
1,12,2,0,8,1,1,4,1,0,2,1,23,0,1,1,1,1,0,0,0
1,12,2,2,19,0,2,4,0,0,2,1,37,2,1,1,1,1,0,0,0
1,12,2,2,27,4,4,1,1,0,2,1,25,0,1,1,2,1,1,0,0
1,12,2,2,9,1,1,4,1,0,4,2,27,0,0,4,2,1,0,0,0
1,12,2,3,13,0,1,2,0,0,1,2,22,1,1,1,2,1,0,0,0
1,12,2,3,14,4,2,2,0,0,1,0,25,2,1,1,2,1,1,0,0
1,12,2,3,15,0,1,1,0,0,1,0,23,2,0,1,2,1,0,0,0
1,12,2,3,64,4,0,2,0,0,1,3,52,2,1,1,3,1,1,0,0
1,12,2,3,7,2,2,4,0,0,3,0,66,2,1,1,1,1,0,0,0
1,12,2,5,6,0,2,4,0,0,2,2,30,2,1,1,2,1,0,0,0
1,15,0,0,17,0,1,2,1,0,1,0,26,2,0,2,0,1,0,0,0
1,15,1,0,12,1,2,2,0,0,2,1,25,2,0,1,2,1,0,0,0
1,15,1,0,68,1,0,1,0,0,2,1,34,2,1,1,3,2,1,0,0
1,15,2,0,26,1,2,2,1,0,4,2,28,2,0,2,2,1,1,0,0
1,15,2,3,8,0,4,4,0,0,3,2,37,2,1,1,2,2,0,0,0
1,15,3,5,15,3,2,3,0,0,3,1,61,1,1,2,2,1,0,0,0
1,18,0,0,22,1,1,3,1,0,3,2,28,2,1,2,2,1,0,0,0
1,18,2,0,10,4,2,4,1,0,2,1,33,2,1,1,2,1,0,0,0
1,18,2,1,129,0,0,3,1,0,4,3,38,2,2,1,3,1,1,0,0
1,18,2,2,19,4,1,4,1,0,3,0,27,2,0,1,2,1,0,0,0
1,18,3,2,42,0,4,4,0,0,3,3,40,2,1,1,3,1,1,0,0
1,18,4,0,10,0,4,3,0,2,3,0,30,0,1,2,2,1,0,0,0
1,18,4,0,8,0,4,4,0,0,4,2,36,0,1,1,2,2,1,0,0
1,18,4,2,19,0,1,2,0,0,2,0,31,2,1,2,1,1,0,0,0
1,18,4,3,12,0,2,4,0,0,2,2,33,2,1,1,2,1,0,0,0
1,21,2,9,11,0,4,2,1,0,4,1,39,2,1,1,2,2,0,0,0
1,21,2,9,27,1,4,4,0,0,2,2,61,0,0,2,1,1,0,0,0
1,24,0,9,42,0,2,1,0,0,4,0,36,2,1,3,1,1,1,0,0
1,24,1,6,18,0,3,4,1,0,4,3,34,0,2,1,1,1,0,0,0
1,24,2,0,12,0,1,4,0,0,2,0,23,1,1,1,1,1,0,0,0
1,24,2,0,13,0,1,3,1,0,4,2,25,2,1,1,1,1,1,0,0
1,24,2,0,27,0,2,3,1,0,4,1,20,2,0,1,1,1,1,0,0
1,24,2,1,115,0,2,1,1,0,4,2,23,2,0,2,3,1,0,0,0
1,24,2,1,125,0,4,4,1,0,2,3,44,2,2,1,3,1,1,0,0
1,24,2,1,41,2,1,3,1,0,4,2,28,2,0,1,2,1,0,0,0
1,24,2,10,113,0,2,2,0,1,3,2,29,0,1,2,3,1,1,0,0
1,24,2,2,40,0,3,3,0,0,3,2,43,2,1,1,2,1,1,0,0
1,24,2,3,20,0,1,1,0,0,1,1,22,2,1,1,2,1,1,0,0
1,24,2,3,30,1,1,3,0,0,2,2,22,2,0,1,2,1,1,0,0
1,24,3,2,20,0,0,3,1,0,2,1,34,2,1,1,3,1,1,0,0
1,24,4,10,119,0,2,2,0,1,3,2,39,2,1,2,3,2,1,0,0
1,24,4,2,47,0,1,2,1,0,4,2,25,0,1,1,1,1,0,0,0
1,24,4,3,12,1,1,4,0,0,4,3,38,0,1,2,2,2,0,0,0
1,24,4,9,19,0,4,4,0,0,4,0,31,2,1,2,2,1,1,0,0
1,27,0,9,83,0,4,2,1,0,4,3,42,2,2,2,3,1,1,0,0
1,27,2,9,39,0,2,4,0,0,2,2,36,2,1,1,2,2,1,0,0
1,27,4,3,25,2,2,4,0,0,2,1,23,2,1,2,1,1,0,0,0
1,30,0,9,42,1,2,4,1,0,4,2,26,2,0,2,1,1,0,0,0
1,30,2,0,21,0,2,4,1,2,2,3,24,0,1,1,2,1,0,0,0
1,30,2,2,34,1,2,2,1,1,4,2,21,2,0,1,2,1,0,0,0
1,30,3,3,19,1,1,4,0,0,3,3,30,1,1,2,3,1,0,0,0
1,30,4,0,42,0,0,4,0,0,2,2,28,2,1,2,3,1,0,0,0
1,30,4,0,52,0,0,4,0,0,2,2,28,2,1,2,3,1,0,0,0
1,30,4,2,83,0,3,2,0,0,2,1,49,2,1,1,2,1,0,0,0
1,36,0,3,38,0,2,4,1,0,1,2,42,2,1,1,2,1,1,0,0
1,36,0,9,19,0,4,4,0,0,4,3,61,2,2,1,3,1,1,0,0
1,36,2,0,123,4,2,1,0,0,4,3,37,2,2,1,2,1,1,0,0
1,36,2,0,143,0,4,4,0,0,2,3,57,2,2,1,3,1,1,0,0
1,36,2,1,93,0,1,1,0,0,4,2,28,2,0,1,3,1,1,0,0
1,36,2,2,90,1,1,4,0,1,1,3,29,2,0,1,3,1,1,0,0
1,36,2,3,26,1,2,4,1,1,4,3,50,2,2,1,2,1,0,0,0
1,36,2,5,23,0,1,4,0,0,1,3,33,2,0,1,1,1,0,0,0
1,36,2,6,126,1,2,1,0,0,4,3,47,2,2,1,2,2,1,0,0
1,36,3,0,22,0,4,4,0,0,4,3,57,0,2,2,2,1,1,0,0
1,36,3,0,80,1,4,2,0,0,4,2,42,2,1,4,3,1,1,0,0
1,36,3,9,44,0,2,2,0,0,2,0,30,1,1,2,3,1,1,0,0
1,36,4,0,28,0,1,4,0,0,4,2,27,2,1,2,2,1,0,0,0
1,39,4,3,49,0,3,2,0,2,2,0,25,2,1,2,2,1,0,0,0
1,45,2,3,30,1,2,4,0,2,4,1,21,2,0,1,2,1,0,0,0
1,45,4,3,47,0,1,4,0,0,2,1,25,2,1,2,1,1,0,0,0
1,48,0,10,184,0,2,1,1,0,2,1,32,0,1,1,3,1,1,1,0
1,48,0,9,144,0,2,2,0,0,2,2,25,2,1,1,2,1,1,0,0
1,48,0,9,38,1,3,4,0,0,4,3,34,2,2,1,1,2,0,0,0
1,48,1,9,64,0,4,4,1,0,3,3,59,2,0,1,2,1,0,0,0
1,48,2,0,65,1,3,3,0,0,2,1,24,2,1,1,2,1,0,0,0
1,48,2,2,99,0,1,1,1,0,2,2,26,2,1,1,2,1,1,0,0
1,48,2,3,109,3,3,1,0,1,2,3,27,0,1,2,2,1,1,0,0
1,48,2,3,30,0,3,4,0,0,4,0,28,2,1,2,2,1,0,0,0
1,48,2,3,59,0,2,2,1,0,2,0,22,2,1,1,2,1,0,0,0
1,48,2,9,156,0,2,2,0,0,2,2,23,2,1,1,2,1,1,0,0
1,48,3,6,62,0,4,4,0,0,4,3,50,2,2,1,2,1,0,0,0
1,48,4,2,50,0,2,2,1,0,3,2,30,2,1,1,3,1,1,0,0
1,54,0,9,159,0,1,3,0,0,4,3,58,2,0,1,2,1,1,0,0
1,6,1,0,9,1,1,1,1,0,1,1,32,1,1,1,1,1,0,0,0
1,6,1,6,4,3,1,4,1,0,2,1,24,0,0,1,2,2,0,0,0
1,6,2,0,145,4,0,1,0,0,2,1,23,2,1,1,0,1,1,0,0
1,6,3,0,12,0,0,4,0,0,4,1,47,2,1,1,3,1,1,0,0
1,60,1,10,147,1,4,3,1,0,4,3,60,0,2,2,3,1,1,0,0
1,60,2,0,140,0,3,4,0,0,2,3,27,2,1,1,3,1,1,0,0
1,60,2,0,74,1,1,4,1,0,2,1,24,2,1,1,3,1,0,0,0
1,60,2,6,62,0,2,4,0,0,4,3,42,2,2,1,2,1,0,0,0
1,72,2,3,55,1,2,2,0,0,2,2,24,2,1,1,2,1,0,0,0
1,8,2,2,12,0,2,3,1,0,4,0,24,2,1,1,2,1,0,0,0
1,9,1,0,14,1,3,2,0,0,3,3,29,2,1,1,2,1,0,0,0
1,9,1,1,51,0,4,2,1,0,4,3,74,0,2,1,3,2,1,0,0
1,9,2,2,9,0,2,1,1,0,2,2,29,2,1,1,2,1,0,1,0
1,9,2,2,9,0,2,4,1,0,1,1,30,2,1,1,2,1,0,0,0
1,9,2,3,16,0,1,4,1,0,2,2,22,2,1,1,2,1,1,0,0
1,9,4,6,11,3,4,4,0,0,3,3,32,2,2,2,2,2,0,0,0
1,9,4,6,15,0,4,2,1,0,3,2,34,2,1,2,3,1,1,0,0
2,10,2,0,12,1,4,1,1,0,4,3,48,2,2,1,1,2,0,0,0
2,12,1,9,6,0,1,4,1,0,1,0,26,2,1,1,0,1,0,0,0
2,12,4,0,9,2,3,4,0,0,2,0,28,2,1,3,2,1,1,0,0
2,15,2,3,23,0,1,2,1,0,3,0,25,2,1,1,1,1,0,0,0
2,15,4,3,12,4,2,3,0,0,4,3,39,2,2,2,2,1,1,0,0
2,18,2,2,28,0,2,2,0,0,1,0,34,2,1,1,1,2,0,0,0
2,18,2,3,21,0,2,4,0,1,2,0,37,1,1,1,2,1,0,0,0
2,21,4,6,23,0,1,2,0,0,1,2,33,2,0,1,2,1,0,0,0
2,24,2,0,9,0,3,4,0,0,3,3,38,0,2,1,2,2,0,0,0
2,24,4,0,13,4,3,4,0,0,2,0,37,0,1,2,1,2,0,0,0
2,30,3,9,19,0,4,4,0,0,4,0,66,2,1,1,3,1,1,0,0
2,36,2,3,42,0,2,4,0,0,2,2,26,2,1,1,2,1,0,0,0
2,9,0,3,13,0,1,4,0,0,2,2,34,2,1,2,3,1,1,0,0
2,9,2,3,7,0,2,3,1,0,2,0,28,2,1,1,1,1,0,0,0
3,10,2,0,13,4,2,4,0,2,4,1,27,2,1,1,1,1,0,0,0
3,10,2,2,22,0,2,2,0,0,2,0,25,0,0,1,1,1,0,0,0
3,12,2,0,13,2,2,2,1,0,2,1,26,2,1,1,2,1,0,0,0
3,12,2,2,11,2,2,4,1,0,4,2,29,2,0,1,1,1,0,0,0
3,12,2,6,7,0,4,4,0,0,4,2,41,0,1,1,1,2,0,0,0
3,12,3,5,15,3,4,4,0,0,4,3,55,2,2,2,2,2,0,0,0
3,12,4,3,7,4,4,4,1,0,3,1,33,0,1,1,1,2,0,0,0
3,12,4,9,22,0,0,4,0,0,2,2,42,1,1,2,3,1,1,0,0
3,15,2,6,46,1,2,3,0,0,2,1,40,2,1,1,3,1,1,0,0
3,18,0,9,41,0,2,2,0,0,2,2,36,1,1,2,2,2,0,0,0
3,18,1,0,64,0,4,2,0,0,4,3,39,0,1,2,3,2,1,0,0
3,18,2,0,67,4,2,2,0,0,4,2,68,2,0,2,2,1,0,0,0
3,18,2,2,15,0,1,4,0,1,1,1,43,2,1,1,1,2,0,0,0
3,18,2,3,4,0,0,3,1,1,4,0,22,2,0,1,2,1,0,0,0
3,18,2,5,19,0,1,4,1,0,4,0,23,2,1,1,2,1,0,0,0
3,18,3,2,18,0,3,4,1,0,1,0,22,2,1,1,2,1,0,0,0
3,18,3,9,21,0,2,4,0,0,2,2,28,2,1,1,2,1,1,0,0
3,18,4,0,15,0,2,3,0,0,2,1,32,0,1,2,2,1,0,0,0
3,18,4,0,27,0,3,2,0,0,2,1,31,0,1,2,2,1,0,0,0
3,18,4,6,18,1,2,4,1,0,2,0,30,2,1,2,2,1,0,0,0
3,21,0,0,50,4,2,1,1,0,4,1,29,0,1,2,2,1,1,0,0
3,21,3,9,25,2,1,4,0,0,2,0,41,0,1,1,1,2,0,0,0
3,21,4,0,126,4,4,4,0,0,4,3,30,2,2,1,3,1,1,0,0
3,24,2,3,23,2,4,3,0,0,2,2,35,0,1,2,2,1,1,0,0
3,24,2,3,36,1,4,2,0,0,4,2,31,2,1,2,2,1,0,0,0
3,24,2,3,59,4,1,1,1,0,1,2,44,2,1,2,2,1,1,0,0
3,24,2,9,45,3,2,2,0,0,3,1,54,2,1,3,3,1,1,0,0
3,24,3,0,25,0,4,4,0,0,4,2,47,2,1,2,1,2,0,0,0
3,24,3,9,86,0,1,2,0,0,2,2,27,0,1,2,2,1,1,0,0
3,27,2,0,25,0,2,3,1,0,3,0,21,2,0,1,2,1,0,0,0
3,30,1,1,74,4,0,4,1,0,1,0,53,0,1,1,3,1,1,0,0
3,36,2,2,109,0,0,4,1,0,2,2,26,2,1,2,3,1,1,0,0
3,36,2,2,33,0,2,4,1,0,2,2,28,2,1,1,3,1,1,0,0
3,36,2,6,18,0,2,4,0,0,4,3,37,1,2,1,2,1,1,0,0
3,36,3,3,44,0,2,4,0,0,2,2,26,2,1,2,3,1,1,0,0
3,36,3,9,79,4,1,4,0,0,4,2,27,2,0,2,2,1,1,0,0
3,36,3,9,95,0,1,1,0,0,1,2,28,2,1,2,2,1,0,0,0
3,36,4,0,78,0,2,4,1,0,2,0,25,1,1,2,2,1,1,0,0
3,36,4,2,71,0,1,2,1,0,4,1,23,2,0,2,2,1,1,0,0
3,48,2,9,39,4,2,4,0,0,2,0,38,0,1,1,2,1,0,0,0
3,48,2,9,48,0,0,3,0,0,2,2,33,0,0,1,3,1,1,0,0
3,48,4,0,101,2,2,2,0,0,2,3,44,0,2,1,2,1,0,0,0
3,48,4,1,115,1,2,2,1,0,4,2,24,0,0,2,1,1,0,0,0
3,6,2,2,46,0,1,1,1,0,4,1,32,2,1,1,2,1,0,0,0
3,9,2,2,19,0,1,2,1,1,2,2,19,2,0,2,2,1,0,0,0
3,9,2,3,14,0,3,4,0,0,2,2,22,2,1,1,2,1,0,0,0
0,10,2,3,23,0,4,3,0,0,4,0,52,2,1,1,1,1,0,0,1
0,10,4,0,10,0,3,4,0,1,3,1,49,2,1,2,2,1,1,0,1
0,10,4,0,22,0,1,1,0,0,3,0,48,2,0,2,1,2,0,1,1
0,10,4,2,21,4,1,2,1,1,3,0,27,2,0,2,2,1,0,1,1
0,11,4,0,39,0,2,1,0,0,2,0,40,2,1,2,1,2,0,0,1
0,11,4,0,39,0,2,2,0,0,2,0,36,2,0,2,2,2,0,0,1
0,12,1,8,3,0,4,4,0,0,1,2,45,0,1,1,1,1,0,0,1
0,12,2,0,11,0,2,4,0,0,3,0,27,2,1,1,1,1,0,0,1
0,12,2,0,18,0,2,4,1,2,4,1,29,2,1,1,2,1,1,0,1
0,12,2,0,36,3,2,1,0,0,3,1,31,2,1,1,2,2,0,0,1
0,12,2,2,12,0,2,4,0,2,1,1,21,2,1,1,1,1,0,0,1
0,12,2,2,12,4,4,2,0,0,4,1,49,2,1,1,1,1,1,0,1
0,12,2,2,16,0,2,2,0,0,2,0,27,2,1,1,2,1,0,0,1
0,12,2,2,16,0,2,2,1,1,3,1,30,2,1,1,2,1,0,0,1
0,12,2,2,18,0,1,4,1,0,1,2,22,2,0,1,2,1,0,0,1
0,12,2,2,25,0,0,3,1,0,4,3,55,2,2,1,3,1,0,0,1
0,12,2,2,25,0,2,2,0,0,1,2,42,2,1,1,2,1,0,0,1
0,12,2,2,35,0,2,2,0,1,2,1,29,2,1,1,1,2,0,0,1
0,12,2,2,6,0,4,4,1,0,4,1,24,2,0,1,2,1,0,0,1
0,12,2,2,7,0,2,2,0,2,3,1,38,2,1,1,1,2,0,0,1
0,12,2,3,11,0,2,2,0,0,2,0,20,2,0,1,3,2,1,0,1
0,12,2,3,14,0,2,4,1,0,1,2,23,0,1,1,2,1,0,0,1
0,12,2,3,16,2,4,3,0,0,1,0,35,2,1,1,2,1,0,0,1
0,12,2,3,22,0,2,4,0,0,3,1,24,2,1,1,1,1,0,0,1
0,12,2,3,7,0,2,4,0,0,2,0,40,2,1,1,1,1,0,0,1
0,12,2,6,12,4,2,4,1,0,4,1,23,0,0,1,2,1,1,0,1
0,12,3,0,13,0,2,4,0,0,2,0,43,2,1,2,1,2,0,0,1
0,12,4,0,21,0,2,3,0,0,2,0,39,2,0,2,1,2,0,1,1
0,12,4,0,21,0,2,4,0,0,2,1,30,2,1,2,2,1,0,0,1
0,12,4,0,21,0,2,4,0,0,4,1,38,0,1,2,1,1,0,1,1
0,12,4,1,14,0,4,4,0,0,3,0,54,2,1,1,2,1,0,0,1
0,12,4,1,15,0,4,4,0,0,4,3,66,2,2,2,3,1,0,0,1
0,12,4,3,3,0,3,4,1,0,3,0,58,2,1,4,1,1,1,0,1
0,13,4,9,17,0,1,3,0,0,1,1,28,0,1,2,1,1,0,0,1
0,14,2,0,39,0,0,1,0,0,4,3,22,2,2,1,2,1,0,0,1
0,15,2,0,14,0,2,2,1,0,4,2,28,2,0,1,2,1,0,0,1
0,15,2,0,17,0,1,2,0,0,3,0,36,2,1,1,2,1,0,0,1
0,15,2,0,25,0,0,1,1,0,4,2,23,2,0,1,2,1,0,0,1
0,15,2,2,18,0,1,4,1,2,1,1,46,2,0,1,2,1,0,0,1
0,15,2,3,10,0,1,4,0,0,2,0,27,2,1,1,2,1,0,1,1
0,15,2,9,8,0,2,4,1,0,4,1,22,2,1,1,1,1,0,0,1
0,15,3,2,36,0,4,1,1,0,4,1,27,2,1,2,1,1,0,0,1
0,15,4,2,14,0,2,4,1,0,3,1,25,2,0,2,2,1,0,0,1
0,15,4,2,14,0,4,4,0,0,4,2,44,2,1,2,2,2,1,0,1
0,15,4,2,9,0,2,2,0,0,3,1,25,2,1,2,2,1,0,0,1
0,18,0,9,31,0,3,3,0,0,1,1,31,0,1,1,2,1,1,0,1
0,18,1,3,19,0,1,3,0,1,4,3,36,0,2,1,3,1,1,0,1
0,18,2,0,22,1,3,4,0,0,3,2,30,2,1,1,3,2,1,0,1
0,18,2,0,43,1,2,3,0,0,4,2,35,2,1,1,1,2,1,0,1
0,18,2,2,26,3,2,4,0,0,2,2,28,2,1,1,2,1,0,0,1
0,18,2,2,36,0,1,1,1,0,4,2,22,2,0,1,2,1,0,0,1
0,18,2,3,19,4,3,2,0,0,4,2,23,2,0,2,1,1,0,0,1
0,18,2,3,23,0,1,4,1,0,1,2,27,1,1,1,2,1,0,0,1
0,18,2,3,35,0,3,4,1,2,1,0,25,2,1,1,2,1,0,0,1
0,18,3,6,84,4,2,1,1,0,2,2,23,2,0,2,2,1,1,0,1
0,18,4,0,53,0,4,2,0,0,4,3,36,2,2,3,3,1,1,0,1
0,18,4,2,10,0,1,4,1,0,4,1,21,2,0,1,2,1,0,0,1
0,18,4,3,18,0,3,4,0,0,1,1,32,2,1,2,3,1,1,0,1
0,20,2,2,22,4,3,4,0,0,4,2,39,2,1,1,2,1,1,0,1
0,20,4,2,42,0,4,1,1,0,4,1,24,2,1,2,2,1,0,0,1
0,21,2,0,37,4,3,2,0,1,2,0,24,2,1,1,1,1,0,1,1
0,21,2,2,35,0,3,1,1,0,4,2,26,2,0,1,1,1,0,0,1
0,21,2,3,26,0,1,4,1,0,4,1,28,2,0,1,3,1,1,0,1
0,21,2,3,33,3,1,4,1,0,2,2,29,0,1,1,2,1,0,0,1
0,21,4,0,16,0,4,4,0,0,3,2,30,2,1,2,2,1,1,0,1
0,21,4,0,5,0,4,4,0,0,4,0,65,2,1,2,2,1,0,0,1
0,24,1,0,23,1,3,2,0,0,3,2,32,0,1,1,2,1,0,0,1
0,24,1,1,36,0,2,1,1,2,4,2,22,0,0,1,2,1,0,1,1
0,24,1,2,24,2,2,4,0,0,4,0,22,1,1,1,2,1,1,0,1
0,24,1,2,28,2,2,4,0,0,4,0,22,1,1,1,2,1,1,0,1
0,24,2,1,28,4,4,2,1,0,4,0,26,2,0,1,2,1,0,0,1
0,24,2,1,29,0,2,3,0,2,4,3,63,0,1,1,2,2,1,0,1
0,24,2,1,29,0,3,2,0,0,1,3,34,2,2,1,3,1,1,0,1
0,24,2,1,29,4,4,4,0,0,4,3,49,0,2,1,2,2,1,0,1
0,24,2,1,65,0,0,4,0,0,2,3,29,2,2,1,3,1,1,0,1
0,24,2,10,17,0,4,4,1,2,4,0,58,2,1,1,1,1,1,0,1
0,24,2,2,17,0,1,4,0,1,1,1,24,2,1,1,1,1,0,1,1
0,24,2,2,30,0,2,2,0,0,2,0,24,2,0,1,1,1,0,0,1
0,24,2,2,31,0,1,4,0,0,1,3,22,0,2,1,2,1,0,0,1
0,24,2,2,40,0,2,2,0,0,2,2,27,1,1,1,2,1,0,0,1
0,24,2,2,41,0,2,4,0,0,4,1,28,2,1,1,2,1,0,0,1
0,24,2,2,77,4,1,1,1,0,2,1,30,2,1,1,2,1,1,1,1
0,24,2,3,16,0,4,4,1,0,4,2,55,2,1,1,2,1,0,0,1
0,24,2,3,23,0,4,4,0,0,4,0,64,0,0,1,1,1,0,0,1
0,24,2,3,36,0,2,2,1,0,4,2,28,2,1,1,2,1,0,0,1
0,24,2,9,65,0,2,2,0,0,2,2,21,1,1,1,1,1,0,0,1
0,24,4,1,29,0,4,4,0,0,4,1,63,2,1,2,2,1,1,0,1
0,24,4,1,64,0,4,2,1,0,4,3,44,2,2,2,3,2,1,0,1
0,24,4,1,66,0,0,2,0,0,4,3,75,2,2,2,3,1,1,0,1
0,24,4,3,12,3,4,4,1,0,4,1,57,2,0,2,3,1,1,0,1
0,24,4,9,13,1,3,4,0,0,1,0,26,2,1,2,2,1,1,0,1
0,27,2,3,34,0,2,3,0,0,2,2,27,2,1,1,3,1,0,0,1
0,27,4,9,24,0,4,4,0,0,4,2,43,1,1,4,3,2,1,0,1
0,30,0,2,45,0,2,2,0,2,2,0,32,2,1,2,2,1,0,0,1
0,30,0,9,80,4,1,2,0,0,3,2,25,0,1,3,2,1,0,0,1
0,30,2,1,38,0,2,4,0,0,4,1,40,2,1,1,3,1,1,0,1
0,30,2,2,36,3,4,4,1,0,4,1,57,2,0,2,2,1,1,0,1
0,30,2,3,25,0,4,1,0,2,3,1,39,2,1,1,2,2,0,0,1
0,30,4,1,106,0,4,3,0,0,4,3,38,2,2,3,3,2,1,0,1
0,30,4,1,61,1,3,1,0,0,4,2,24,2,0,2,2,1,0,0,1
0,36,2,0,32,0,3,2,0,0,4,3,39,0,2,1,3,2,1,0,1
0,36,2,1,54,0,4,2,0,0,4,3,42,2,2,1,2,2,0,0,1
0,36,2,10,158,0,0,2,0,1,3,2,43,2,1,1,3,1,0,0,1
0,36,2,2,36,0,2,1,0,2,2,1,37,2,1,1,2,2,0,0,1
0,36,2,2,39,0,0,4,0,0,3,1,30,2,1,1,3,1,1,0,1
0,36,4,2,23,0,2,3,0,0,2,1,46,2,1,2,2,1,1,0,1
0,36,4,2,53,0,2,3,0,2,2,1,28,2,1,2,2,1,0,0,1
0,39,4,2,141,4,3,4,0,0,4,1,30,2,1,2,3,1,1,0,1
0,42,2,2,78,0,3,2,0,2,4,1,45,2,2,1,2,2,0,0,1
0,42,4,5,33,0,0,4,0,1,4,2,65,2,1,2,0,1,0,0,1
0,47,2,0,107,0,1,1,1,0,1,0,35,2,1,1,1,1,1,0,1
0,48,2,1,47,0,3,4,0,0,3,1,26,2,1,1,2,2,0,0,1
0,48,2,6,74,0,3,4,0,0,1,3,50,2,2,1,3,1,1,0,1
0,6,2,0,12,1,4,3,0,0,2,1,43,2,1,1,2,1,1,0,1
0,6,2,0,13,4,0,4,1,0,3,1,75,2,1,1,3,1,1,0,1
0,6,2,0,6,0,1,3,0,0,4,0,41,2,1,1,1,2,1,0,1
0,6,2,1,13,2,0,1,1,0,2,1,23,2,0,1,0,1,1,0,1
0,6,2,2,13,0,2,1,0,0,2,0,36,0,1,1,1,1,1,0,1
0,6,2,2,4,0,4,2,1,0,1,1,49,0,1,1,2,1,1,0,1
0,6,2,3,26,2,2,2,0,0,3,0,44,2,0,1,2,2,0,0,1
0,6,2,4,3,0,1,4,1,0,1,0,27,2,1,1,2,1,0,0,1
0,6,4,0,13,0,1,2,0,0,4,0,40,2,1,1,1,2,0,1,1
0,6,4,0,36,0,2,1,0,0,3,0,37,2,0,3,2,2,0,0,1
0,6,4,0,47,4,1,1,0,0,3,0,44,2,1,2,1,2,0,0,1
0,6,4,0,6,0,3,4,1,0,3,1,37,2,1,2,2,1,0,1,1
0,6,4,0,6,3,3,3,1,0,4,0,39,2,1,2,1,1,1,0,1
0,6,4,0,8,0,4,1,1,0,4,3,39,2,1,2,2,1,1,0,1
0,6,4,2,18,0,0,4,0,0,4,3,36,2,2,3,3,1,1,0,1
0,6,4,3,11,4,4,4,0,0,4,0,67,2,1,2,2,1,1,0,1
0,6,4,3,19,0,3,1,1,0,4,2,31,2,1,1,2,1,0,0,1
0,6,4,3,3,2,4,4,0,0,4,2,52,2,1,2,2,1,0,0,1
0,8,4,0,33,0,3,1,0,0,4,0,39,2,1,2,1,1,0,1,1
0,8,4,0,7,0,4,4,0,0,4,0,47,2,1,2,1,1,0,0,1
0,8,4,10,11,0,4,3,0,0,4,3,51,0,2,2,3,2,1,0,1
0,9,2,2,21,0,2,3,0,0,2,0,25,2,1,1,2,1,0,0,1
0,9,2,3,13,0,3,3,0,0,4,0,59,2,1,1,2,1,0,0,1
0,9,4,0,27,0,2,2,0,0,2,0,36,2,0,2,2,2,0,0,1
0,9,4,3,11,0,2,4,0,0,4,0,25,2,1,2,1,1,0,0,1
0,9,4,5,12,1,4,3,0,2,4,0,48,2,1,2,2,2,0,1,1
1,10,1,3,10,0,2,4,0,0,4,0,23,1,1,1,1,1,0,0,1
1,10,2,0,73,0,0,2,0,0,4,3,70,0,2,1,3,1,1,0,1
1,10,2,2,15,0,2,4,0,0,2,2,31,2,1,1,1,1,0,0,1
1,11,2,2,15,3,1,4,1,0,1,0,20,2,1,1,2,1,0,0,1
1,11,3,3,47,0,3,2,0,0,4,1,51,2,1,1,2,1,0,0,1
1,11,4,0,13,3,2,4,1,0,4,2,40,2,1,2,2,1,0,0,1
1,12,0,8,14,0,2,2,0,0,2,0,31,2,1,1,1,1,1,0,1
1,12,2,0,10,3,2,4,0,0,1,0,22,2,1,1,2,1,0,0,1
1,12,2,0,13,3,4,4,0,0,4,0,54,2,1,1,2,1,1,0,1
1,12,2,0,20,0,3,3,0,0,4,1,30,2,0,1,2,2,1,0,1
1,12,2,0,60,0,3,2,0,0,2,2,32,2,1,1,2,1,0,0,1
1,12,2,0,74,4,0,1,1,0,2,0,24,2,0,1,0,1,0,0,1
1,12,2,1,20,4,2,4,0,0,2,2,30,2,1,1,2,1,0,0,1
1,12,2,2,30,0,1,3,1,0,1,0,34,2,0,1,3,1,0,0,1
1,12,2,2,9,3,1,1,1,0,4,0,19,2,0,1,1,1,0,0,1
1,12,2,3,10,0,2,4,1,2,4,0,49,2,1,2,2,1,1,0,1
1,12,2,3,11,0,3,4,0,2,3,0,29,2,1,2,2,1,0,1,1
1,12,2,3,11,0,4,3,0,2,3,0,40,0,1,2,1,1,0,0,1
1,12,2,3,11,2,2,3,0,0,1,2,26,2,1,1,2,1,1,0,1
1,12,2,3,15,0,2,1,1,0,1,2,22,2,1,1,2,1,1,0,1
1,12,2,3,29,0,3,2,1,0,1,0,27,2,1,1,2,1,0,0,1
1,12,2,3,6,0,1,4,0,2,1,0,26,0,1,1,1,1,0,0,1
1,12,2,8,7,4,4,4,0,0,4,1,38,2,1,2,2,1,0,0,1
1,12,2,9,10,1,3,3,0,0,4,0,39,2,1,1,1,1,0,0,1
1,12,2,9,8,1,3,2,1,0,4,0,23,2,0,1,1,1,0,0,1
1,12,3,3,5,0,2,4,0,1,4,0,20,2,0,2,2,1,0,0,1
1,12,4,0,19,1,1,4,0,0,1,2,27,2,1,1,2,1,0,0,1
1,12,4,0,23,2,3,3,0,0,3,2,36,2,1,1,3,1,1,0,1
1,12,4,0,31,0,1,1,0,0,3,0,49,0,1,2,1,2,0,0,1
1,12,4,0,9,0,3,2,0,0,3,0,47,2,1,2,1,2,0,0,1
1,12,4,1,18,0,0,4,0,0,2,2,34,2,1,2,3,1,1,0,1
1,12,4,1,18,1,1,3,0,0,4,1,44,2,1,1,2,1,0,0,1
1,12,4,2,36,0,4,1,0,0,4,2,28,2,0,3,2,1,1,0,1
1,12,4,3,35,0,2,1,1,0,1,0,23,2,1,1,1,1,0,0,1
1,12,4,4,14,0,3,4,0,0,3,1,26,2,1,1,2,1,0,0,1
1,13,2,3,21,0,1,2,1,2,4,1,23,2,1,1,1,1,0,0,1
1,13,4,3,8,0,1,4,0,2,4,0,23,2,1,2,2,1,0,0,1
1,14,2,9,14,2,4,1,0,0,2,0,35,2,1,1,2,1,1,0,1
1,15,2,3,14,4,1,4,0,0,1,1,23,2,1,1,2,1,0,0,1
1,15,2,5,13,0,4,4,0,0,4,2,38,2,1,2,1,1,0,0,1
1,9,4,3,11,0,4,2,0,0,4,0,37,2,1,3,1,1,0,0,1
2,10,2,0,39,0,1,1,0,2,1,1,37,2,1,1,1,2,0,0,1
2,10,2,2,12,0,1,4,1,0,2,1,23,2,1,1,2,1,0,0,1
2,10,2,4,12,0,2,2,0,0,2,2,37,2,1,1,2,1,1,0,1
2,10,4,0,7,0,4,4,0,0,4,3,63,2,2,2,2,1,1,0,1
2,10,4,3,13,4,3,4,0,0,2,1,27,2,1,2,2,1,1,0,1
2,12,1,3,4,3,2,3,1,0,3,0,42,2,0,2,2,1,0,0,1
2,12,2,0,13,0,1,4,0,0,1,0,26,2,1,1,2,1,0,0,1
2,12,2,2,14,0,1,4,1,0,1,1,33,0,1,1,3,1,1,0,1
2,12,2,2,14,4,4,3,1,0,4,0,55,2,1,1,3,1,1,0,1
2,12,2,2,22,0,2,1,1,0,2,2,46,2,1,1,1,1,0,0,1
2,12,2,3,12,0,2,3,0,0,4,0,23,2,0,1,2,1,0,0,1
2,12,2,3,18,0,2,2,1,0,2,2,44,2,0,1,1,1,1,0,1
2,12,2,3,30,0,2,3,0,0,1,2,24,2,1,1,2,1,0,0,1
2,12,2,3,33,4,4,2,0,0,3,2,37,2,1,1,3,1,0,0,1
2,12,3,0,22,0,2,2,1,0,2,2,36,1,1,2,2,1,1,0,1
2,12,4,0,14,2,0,2,0,0,4,3,66,0,2,3,0,1,0,0,1
2,15,2,6,19,0,4,4,0,0,4,2,40,2,0,1,3,1,1,0,1
2,15,2,6,3,0,1,4,1,0,4,1,23,2,0,1,2,1,1,0,1
2,15,2,9,26,0,3,2,0,0,4,1,26,2,0,1,2,1,1,0,1
2,15,4,1,23,2,2,2,0,0,2,2,36,2,1,1,2,1,1,0,1
2,18,1,3,14,4,3,4,0,0,4,2,49,0,1,1,1,1,0,0,1
2,18,2,0,19,0,4,3,1,0,2,2,23,2,1,1,3,1,0,0,1
2,18,2,2,30,0,1,1,1,0,1,1,45,1,1,1,1,1,0,0,1
2,21,2,0,29,1,2,1,1,0,1,2,28,0,1,1,3,1,1,0,1
2,24,2,2,19,0,2,2,0,0,2,0,26,2,1,1,2,1,0,0,1
2,24,2,2,28,0,4,3,0,0,4,3,51,2,2,1,2,1,0,0,1
2,24,2,2,37,0,1,2,1,0,4,2,26,2,1,1,2,1,0,0,1
2,24,2,3,12,2,2,3,1,0,3,2,57,2,1,1,1,1,0,0,1
2,24,2,3,13,1,4,4,1,0,2,3,47,2,2,1,2,1,1,0,1
2,24,2,3,51,0,3,4,0,0,2,2,25,0,1,1,2,1,0,0,1
2,24,4,2,36,4,4,4,0,1,4,3,20,2,0,2,2,1,0,0,1
2,24,4,3,31,4,2,3,0,0,2,2,31,2,1,2,2,1,1,0,1
2,24,4,9,12,3,2,2,0,0,4,0,36,2,1,2,2,1,1,0,1
2,30,4,3,30,0,4,4,0,0,4,1,47,2,1,1,2,1,0,0,1
2,30,4,3,36,4,4,4,0,0,4,1,49,1,1,2,1,1,0,0,1
2,36,2,3,39,0,2,2,0,0,2,0,23,2,1,1,2,1,1,0,1
2,36,2,3,44,0,4,4,0,0,2,2,31,2,1,1,2,1,0,0,1
2,36,2,3,58,0,2,4,0,0,1,2,24,2,1,1,2,1,0,0,1
2,4,2,0,14,4,1,1,0,0,2,0,29,2,1,1,1,2,0,1,1
2,42,0,9,62,0,1,2,0,0,1,1,33,2,1,2,2,1,0,0,1
2,42,4,1,47,0,4,4,0,0,4,3,56,2,2,1,2,1,0,0,1
2,6,2,0,7,3,1,2,0,0,2,0,27,2,1,1,0,1,0,1,1
2,6,2,2,21,0,2,2,0,0,2,0,41,2,1,1,2,1,1,0,1
2,6,3,3,6,0,1,2,1,0,1,1,29,0,1,1,2,1,0,0,1
2,6,4,0,12,0,2,1,0,0,1,0,74,2,1,3,0,2,0,1,1
2,6,4,0,13,0,4,1,0,0,4,0,46,2,1,2,2,2,0,1,1
2,6,4,0,13,1,4,2,0,0,4,2,28,2,1,2,2,2,1,0,1
2,6,4,6,10,0,2,2,1,0,4,1,50,2,1,1,1,1,0,0,1
2,9,2,3,11,1,4,2,0,0,4,0,49,2,1,1,2,1,0,0,1
3,10,2,0,12,4,4,4,0,1,2,1,45,2,1,1,1,1,0,1,1
3,10,2,0,13,0,2,2,1,0,4,2,64,2,1,1,2,1,1,0,1
3,10,2,0,14,1,2,3,0,0,2,0,35,2,0,1,1,1,0,1,1
3,10,2,0,15,0,2,3,0,0,2,0,31,2,1,1,1,2,0,1,1
3,10,2,0,15,2,2,3,0,0,2,3,40,2,0,1,1,2,0,1,1
3,10,2,1,28,1,2,1,0,1,2,0,32,2,1,1,2,2,0,0,1
3,10,2,1,29,4,1,1,1,0,4,0,31,2,0,1,2,1,0,0,1
3,10,2,3,19,0,2,1,0,0,4,1,38,2,1,1,2,1,1,1,1
3,10,2,6,7,2,4,4,0,0,4,3,46,2,2,1,2,1,1,0,1
3,10,2,8,8,4,3,4,1,0,3,1,40,2,1,1,2,1,1,0,1
3,10,4,0,12,0,4,3,0,0,4,0,32,2,1,2,1,2,0,1,1
3,10,4,2,20,4,2,2,0,0,1,2,26,2,1,2,2,1,0,1,1
3,10,4,2,21,0,1,1,1,0,3,0,23,2,0,2,2,1,0,0,1
3,11,2,9,21,3,4,1,0,0,2,0,28,2,1,1,2,1,1,0,1
3,11,4,0,13,0,1,4,1,0,4,2,35,2,1,2,3,1,0,0,1
3,11,4,0,72,0,2,1,0,0,4,1,39,2,1,2,1,1,0,0,1
3,11,4,3,11,1,0,4,1,0,4,0,57,2,1,3,1,1,0,0,1
3,12,0,2,27,0,4,2,0,0,4,1,34,2,1,2,2,1,0,0,1
3,12,1,8,34,2,2,4,1,0,3,0,35,2,1,1,1,2,0,0,1
3,12,2,0,11,0,2,3,0,0,2,0,27,2,1,2,2,1,1,0,1
3,12,2,0,18,0,4,4,0,0,4,2,39,2,1,1,3,1,1,0,1
3,12,2,0,21,4,4,4,1,0,4,3,52,2,2,1,3,1,1,0,1
3,12,2,0,23,4,4,4,0,0,3,2,50,2,1,1,2,1,1,0,1
3,12,2,0,28,4,0,4,0,0,4,3,38,2,1,1,3,1,1,0,1
3,12,2,0,35,4,1,2,0,0,3,1,45,2,1,1,3,2,1,0,1
3,12,2,0,6,0,2,4,0,0,2,0,49,2,1,1,1,1,0,0,1
3,12,2,1,14,3,3,3,0,0,2,1,55,2,1,1,2,1,0,1,1
3,12,2,1,24,4,1,2,0,0,4,2,26,2,0,1,2,1,1,0,1
3,12,2,1,46,4,1,1,1,0,4,2,20,2,0,1,2,1,0,0,1
3,12,2,2,15,0,2,4,0,0,2,0,50,2,1,1,2,1,0,0,1
3,12,2,2,17,0,2,3,0,0,2,0,24,2,0,1,1,1,0,0,1
3,12,2,2,17,0,3,3,1,0,4,0,31,2,1,1,1,1,0,0,1
3,12,2,2,7,0,2,4,1,0,1,0,26,2,1,1,2,1,1,0,1
3,12,2,3,12,0,2,3,0,0,2,2,25,2,1,1,2,1,0,0,1
3,12,2,3,14,0,1,4,1,0,3,2,34,2,1,1,2,2,0,0,1
3,12,2,3,19,0,3,4,0,0,2,2,31,2,0,2,3,2,1,0,1
3,12,2,3,20,1,2,4,1,1,2,0,28,2,1,1,2,1,0,0,1
3,12,2,3,21,0,1,2,1,0,2,2,29,0,1,1,2,1,0,0,1
3,12,2,3,21,1,3,3,0,0,1,3,35,2,1,1,2,1,0,0,1
3,12,2,3,22,4,2,4,0,0,4,3,37,2,2,1,2,1,1,0,1
3,12,2,3,30,0,2,2,0,0,4,2,52,2,1,1,2,1,1,0,1
3,12,2,3,30,3,3,2,0,0,4,0,61,2,1,1,1,1,0,0,1
3,12,2,3,7,0,2,4,0,0,2,0,28,2,1,1,2,1,0,0,1
3,12,2,3,7,0,2,4,0,0,2,0,30,0,1,2,2,1,0,0,1
3,12,2,3,8,0,4,4,0,0,4,2,38,2,1,1,2,1,0,0,1
3,12,2,3,8,4,2,4,1,0,2,2,21,2,1,1,2,1,0,0,1
3,12,2,6,13,0,4,4,0,0,4,1,47,0,1,3,2,2,1,0,1
3,12,2,9,10,0,2,2,0,0,2,0,26,2,1,1,2,1,1,1,1
3,12,2,9,15,0,3,2,0,0,4,2,36,2,1,1,2,1,1,0,1
3,12,3,1,15,0,2,4,0,0,4,0,41,2,0,1,2,1,0,0,1
3,12,4,0,11,2,2,4,0,0,4,0,44,2,1,1,2,1,1,0,1
3,12,4,0,12,0,4,4,0,0,4,0,61,2,1,2,1,1,0,0,1
3,12,4,0,14,0,4,4,0,0,1,0,38,2,1,2,1,2,0,0,1
3,12,4,0,6,1,3,4,1,0,3,2,51,2,1,2,2,1,1,0,1
3,12,4,0,9,0,0,1,1,0,2,1,38,2,1,1,0,1,0,0,1
3,12,4,2,12,0,1,2,1,0,4,1,22,2,0,2,1,1,0,0,1
3,12,4,2,14,2,3,3,1,0,4,2,37,2,0,1,2,1,1,0,1
3,12,4,2,15,3,3,3,1,0,2,1,35,2,1,1,2,1,0,1,1
3,12,4,2,19,0,4,4,0,0,4,0,43,2,1,3,2,1,1,0,1
3,12,4,2,33,0,4,2,0,0,4,1,42,1,1,1,2,1,0,0,1
3,12,4,2,58,4,4,2,0,0,4,1,49,2,0,1,2,1,1,0,1
3,12,4,3,12,0,2,4,1,0,2,1,35,2,1,2,2,1,0,0,1
3,12,4,3,12,4,4,4,1,0,2,0,38,2,1,2,2,1,1,0,1
3,12,4,3,16,0,4,2,0,0,4,0,63,2,1,2,1,1,1,0,1
3,12,4,3,19,0,4,2,0,0,2,3,26,2,1,2,2,1,0,0,1
3,12,4,3,23,4,4,1,0,1,4,0,49,2,1,1,2,1,1,0,1
3,12,4,3,5,2,4,4,0,0,4,1,42,2,1,2,2,2,1,0,1
3,12,4,3,6,0,4,4,0,0,4,0,56,2,1,1,2,1,0,0,1
3,12,4,3,7,0,4,4,0,0,4,0,52,2,1,3,2,1,0,0,1
3,12,4,3,9,4,4,4,0,0,4,0,65,2,1,4,2,1,0,0,1
3,12,4,3,9,4,4,4,0,0,4,2,35,2,1,2,2,1,0,0,1