8,1,63,4,1,6,2,1,0,8,24,92,12,0
4,5,50,5,3,10,0,3,0,42,30,39,29,0
8,1,67,9,1,9,0,4,0,56,24,78,15,0
4,5,9,3,4,12,0,4,0,13,11,8,4,0
0,2,3,2,3,0,0,4,0,14,13,86,28,0
9,1,51,13,5,0,4,4,0,84,8,29,17,0
3,7,67,9,4,6,5,4,0,21,3,84,17,0
7,5,39,8,5,13,5,0,0,16,27,43,13,0
1,2,7,9,1,3,4,0,0,6,24,96,22,0
0,3,15,12,3,7,2,2,0,89,6,81,20,0
9,4,19,5,4,10,1,4,0,59,10,94,39,0
0,7,39,0,0,4,5,2,0,42,20,85,4,0
7,4,62,2,5,5,1,3,0,10,23,63,15,0
5,6,68,3,2,3,4,1,0,62,35,13,9,0
5,5,58,0,1,0,2,2,0,42,38,15,25,0
3,6,33,2,3,13,1,1,0,52,28,34,19,0
2,0,34,5,0,10,5,2,0,81,6,12,38,0
1,5,39,7,6,13,4,0,0,31,4,73,27,0
8,6,49,0,0,11,1,0,0,61,38,75,19,0
3,1,55,1,4,5,1,1,0,81,25,79,38,0
3,7,22,3,1,0,2,0,0,86,4,15,18,0
0,3,37,15,2,7,4,2,0,2,17,18,29,0
8,5,60,3,1,12,5,1,0,70,22,2,22,0
6,2,36,15,4,13,4,0,0,78,12,77,35,0
5,0,4,10,2,11,3,2,0,73,5,10,25,0
2,7,20,4,4,10,1,2,0,2,1,36,36,0
4,0,63,3,4,13,4,3,0,9,35,45,8,0
9,2,32,9,3,5,4,0,0,5,35,39,30,0
4,6,35,9,5,7,4,0,0,95,18,94,6,0
8,2,28,11,1,12,1,4,0,64,3,25,25,0
7,0,67,14,6,5,5,1,0,55,35,23,27,0
1,3,15,11,6,13,0,4,0,13,19,28,35,0
5,3,40,5,5,2,1,1,0,90,17,57,30,0
1,0,50,12,6,9,0,2,0,96,14,74,19,0
3,6,59,13,6,6,3,0,0,90,21,11,2,0
2,7,57,5,4,4,4,4,0,31,1,52,33,0
2,6,2,10,2,11,0,0,0,56,18,70,12,0
9,1,63,14,1,8,2,4,0,8,29,4,16,0
3,3,0,9,4,8,1,2,0,78,1,40,15,0
2,3,58,12,0,2,0,4,0,95,33,83,24,0
5,4,59,0,3,9,4,3,0,60,35,30,27,0
2,6,21,9,4,0,5,3,0,45,33,94,36,0
9,7,22,6,5,10,0,0,0,1,6,19,1,0
9,6,16,11,0,10,3,4,0,1,18,47,31,0
0,2,27,0,6,11,3,2,0,92,17,73,27,0
6,4,17,9,2,12,2,3,0,13,13,43,15,0
6,2,69,10,3,4,2,2,0,16,5,44,26,0
3,1,7,4,6,9,4,0,0,66,33,10,12,0
3,5,30,12,3,3,0,2,0,36,17,25,3,0
7,3,58,15,5,9,0,1,0,70,0,52,10,0
2,4,29,2,2,8,3,2,0,17,7,39,14,0
1,6,44,0,3,0,0,1,0,82,12,64,8,0
0,0,33,10,1,11,2,2,0,2,16,69,39,0
5,7,26,7,6,6,2,3,0,38,34,11,9,0
4,6,46,5,5,8,4,4,0,98,1,46,8,0
1,6,67,13,6,13,0,0,0,33,6,35,39,0
5,4,49,4,3,9,3,0,0,3,11,69,21,0
9,2,0,0,0,13,5,2,0,30,18,20,35,0
4,7,63,8,5,8,3,4,0,82,36,66,17,0
7,3,46,15,4,8,2,0,0,48,7,93,30,0
8,5,10,3,5,2,2,0,0,35,39,64,3,0
0,7,30,5,4,4,0,3,0,83,30,93,28,0
0,1,20,6,6,10,4,1,0,47,11,92,24,0
1,7,56,12,0,3,5,4,0,47,37,58,11,0
0,6,16,8,3,6,5,0,0,2,12,5,36,0
2,4,14,6,3,9,3,2,0,80,10,97,32,0
3,7,29,2,2,2,5,1,0,57,18,82,27,0
6,0,30,7,6,2,0,3,0,89,16,10,27,0
3,2,2,1,4,8,1,1,0,75,29,83,33,0
0,1,35,4,4,2,3,0,0,83,38,80,25,0
9,7,6,0,4,4,0,0,0,34,25,20,19,0
9,5,64,0,1,12,5,1,0,71,24,39,39,0
1,7,59,5,3,0,0,1,0,47,7,42,10,0
4,4,61,6,4,5,1,1,0,9,27,55,8,0
0,0,25,13,6,6,2,2,0,24,17,78,14,0
7,1,69,13,0,7,2,2,0,3,39,60,20,0
0,4,44,13,3,4,2,2,0,13,39,37,4,0
4,5,33,9,5,9,4,3,0,46,21,69,0,0
1,4,21,8,6,10,4,0,0,57,13,43,25,0
4,3,13,11,3,11,0,1,0,8,27,73,30,0
5,6,17,4,5,10,5,1,0,67,22,76,13,0
9,0,59,5,6,10,1,0,0,0,36,61,29,0
8,6,68,0,0,10,2,3,0,64,0,60,34,0
9,3,57,12,4,8,0,3,0,28,35,74,39,0
2,3,51,11,6,10,0,3,0,66,3,12,1,0
7,7,14,3,1,1,1,0,0,0,6,15,6,0
0,0,12,2,0,4,1,2,0,57,22,86,38,0
0,1,56,12,5,12,5,1,0,90,23,66,7,0
4,5,37,3,2,10,4,1,0,5,7,35,19,0
8,3,27,5,5,8,3,0,0,83,5,89,37,0
6,1,54,5,6,9,2,2,0,86,37,48,19,0
4,3,23,13,6,7,0,3,0,78,11,49,25,0
6,4,46,6,6,5,2,1,0,3,26,24,18,0
3,0,26,4,0,2,2,4,0,85,16,51,36,0
7,0,27,1,5,5,1,1,0,98,12,55,12,0
3,3,52,0,0,10,4,0,0,25,12,77,10,0
3,7,35,2,4,1,0,4,0,10,35,48,16,0
4,3,63,3,5,3,5,4,0,95,14,91,38,0
6,7,51,12,3,0,2,4,0,47,7,62,0,0
3,5,6,12,2,7,5,1,0,11,29,68,37,0
2,7,9,15,5,13,4,3,0,54,33,5,27,0
2,4,24,11,6,1,1,1,0,0,0,18,20,0
2,2,36,7,2,10,4,3,0,20,38,13,18,0
7,5,60,2,4,8,5,4,0,7,32,99,35,0
1,3,19,1,4,9,2,4,0,4,36,28,29,0
4,6,24,1,6,12,2,3,0,15,16,57,19,0
7,6,67,10,4,2,2,3,0,10,31,48,1,0
5,5,11,1,3,6,1,3,0,82,8,77,19,0
6,1,27,11,4,3,3,4,0,57,14,57,39,0
2,3,17,13,6,5,2,3,0,53,27,76,24,0
7,2,37,7,2,9,5,1,0,42,37,31,18,0
8,2,37,10,1,5,1,2,0,18,29,94,15,0
8,2,44,15,5,11,1,4,0,35,26,63,22,0
3,4,21,1,3,12,3,0,0,83,17,79,24,0
8,1,45,7,1,6,4,0,0,83,9,84,0,0
4,4,62,12,6,7,2,2,0,11,8,99,27,0
1,6,27,15,5,6,0,0,0,66,37,35,34,0
2,2,20,7,1,11,3,2,0,99,4,15,17,0
4,7,25,8,2,0,5,4,0,53,21,62,31,0
2,1,2,14,2,4,1,2,0,2,17,30,16,0
0,5,51,4,1,8,1,2,0,36,31,1,9,0
8,1,42,4,3,1,3,2,0,91,0,21,38,0
3,5,46,5,0,11,2,3,0,39,19,11,13,0
9,7,38,9,4,7,2,2,0,59,37,37,34,0
6,0,66,2,5,3,2,3,0,78,21,77,9,0
3,7,45,4,2,1,2,4,0,62,19,43,3,0
7,7,30,4,5,4,1,3,0,11,34,34,32,0
3,6,32,2,2,13,0,1,0,25,5,75,26,0
2,7,30,10,2,0,1,4,0,12,7,87,0,0
7,0,46,5,5,8,0,2,0,88,34,8,20,0
5,5,38,10,4,9,4,0,0,37,27,3,21,0
5,0,53,3,4,8,1,2,0,25,33,70,38,0
2,4,1,11,5,10,3,3,0,39,21,93,9,0
6,4,48,15,1,3,2,2,0,85,5,64,6,0
2,2,42,10,5,9,5,1,0,90,5,0,6,0
7,7,55,6,6,3,0,0,0,82,32,65,6,0
6,0,57,14,1,1,2,2,0,0,2,41,29,0
4,0,47,2,0,3,0,0,0,72,8,50,16,0
1,6,43,2,6,11,2,4,0,88,4,10,24,0
2,1,4,6,5,9,5,0,0,64,5,45,34,0
3,1,51,12,5,9,3,4,0,57,34,39,17,0
7,7,64,10,3,9,5,1,0,70,12,89,38,0
6,6,54,15,5,7,1,1,0,86,31,9,37,0
8,2,21,9,4,13,1,0,0,92,4,40,9,0
5,6,45,10,2,8,5,0,0,78,33,5,32,0
8,3,14,4,5,13,4,1,0,94,8,60,10,0
0,5,48,13,2,11,3,2,0,11,21,36,33,0
0,6,14,4,1,3,3,4,0,5,1,13,38,0
5,5,44,11,5,11,0,1,0,49,20,5,36,0
3,3,38,1,3,9,0,0,0,75,13,71,34,0
8,1,12,12,3,10,5,0,0,96,27,67,2,0
2,2,47,9,1,0,1,2,0,65,29,87,30,0
2,5,55,8,5,10,4,2,0,59,39,14,14,0
9,2,26,7,0,7,4,1,0,36,26,55,20,0
1,1,52,7,5,6,5,2,0,1,15,23,16,0
2,6,37,6,5,8,3,3,0,42,19,27,29,0
1,6,21,8,6,12,0,1,0,3,32,24,28,0
3,4,34,3,4,8,5,2,0,92,26,43,3,0
0,6,41,7,5,3,2,1,0,46,20,32,2,0
1,0,12,1,5,3,4,0,0,35,38,78,20,0
3,0,5,10,2,9,2,4,0,3,24,39,39,0
2,1,57,2,1,11,5,0,0,84,4,18,5,0
4,0,29,6,2,13,0,3,0,62,1,97,13,0
6,2,37,9,2,2,5,1,0,85,30,27,21,0
8,0,8,4,1,1,2,1,0,62,37,82,21,0
0,7,0,12,3,8,5,0,0,30,32,78,23,0
0,7,57,4,0,7,0,1,0,68,34,76,21,0
1,4,64,4,6,6,1,4,0,83,23,73,27,0
6,3,55,14,3,0,5,2,0,82,33,66,18,0
0,2,59,13,1,6,1,3,0,50,29,17,0,0
9,1,36,0,3,12,1,0,0,49,11,12,0,0
4,3,43,13,2,7,1,0,0,31,8,49,6,0
5,2,38,1,1,1,2,0,0,11,4,55,33,0
1,2,12,13,1,4,0,1,0,53,30,1,5,0
3,6,63,10,1,13,2,1,0,78,14,49,38,0
5,0,45,14,1,7,0,2,0,56,27,82,3,0
0,6,10,0,5,2,4,1,0,25,4,63,3,0
5,2,25,7,2,9,1,0,0,40,34,44,25,0
2,1,53,4,5,9,4,1,0,71,17,4,11,0
7,6,62,4,6,7,1,0,0,13,9,54,35,0
2,2,58,9,6,11,2,2,0,9,12,26,2,0
9,5,13,3,2,10,0,0,0,94,31,19,35,0
8,3,17,4,6,13,5,1,0,53,14,85,10,0
8,1,15,8,1,9,3,3,0,62,35,33,32,0
0,1,5,5,2,9,4,0,0,10,7,80,33,0
3,0,45,3,1,12,5,2,0,65,31,88,27,0
4,6,12,9,0,10,2,2,0,16,2,23,39,0
3,5,5,12,0,11,5,3,0,1,36,69,1,0
5,3,67,14,1,9,2,3,0,11,3,9,5,0
3,1,61,15,6,12,5,0,0,16,16,96,20,0
2,5,4,1,0,1,3,4,0,96,15,76,1,0
4,6,50,2,3,2,1,1,0,13,36,70,7,0
0,3,14,13,3,10,4,2,0,18,29,61,15,0
1,5,5,15,0,3,0,0,0,16,11,18,29,0
2,4,58,8,1,6,5,3,0,28,10,94,23,0
9,4,57,15,6,8,0,3,0,72,2,20,20,0
4,5,34,10,6,7,1,2,0,36,0,94,31,0
8,0,9,9,2,3,4,4,0,34,39,3,14,0
7,0,34,15,5,0,5,2,0,3,7,12,19,0
2,2,46,0,0,4,3,4,0,54,39,67,29,0
2,1,7,1,1,11,1,3,0,47,18,89,27,0
0,4,31,15,2,0,1,1,0,71,37,66,23,0
9,2,39,11,2,1,5,2,0,19,25,20,8,0
2,4,13,6,6,8,0,1,0,36,32,4,11,0
9,6,60,7,3,0,1,3,0,53,9,27,14,0
5,0,28,7,2,5,3,0,0,83,27,8,24,0
3,3,22,14,5,4,0,3,0,10,24,80,36,0
7,5,17,11,5,7,5,1,0,70,36,42,12,0
9,6,39,2,0,7,0,1,0,57,8,51,28,0
7,1,10,4,0,2,5,3,0,70,3,69,38,0
3,2,53,2,5,3,4,1,0,29,7,67,12,0
6,4,43,5,5,2,3,1,0,21,4,62,38,0
1,4,16,3,4,11,3,0,0,22,14,20,9,0
6,2,13,14,4,10,2,0,0,47,26,18,9,0
2,0,67,15,2,11,4,3,0,47,1,61,26,0
0,4,56,13,2,0,4,2,0,30,37,66,23,0
3,6,22,5,2,11,3,2,0,15,28,42,25,0
1,6,45,7,3,6,4,2,0,87,19,40,26,0
4,2,2,7,0,13,0,4,0,82,19,89,17,0
3,0,66,15,4,11,3,2,0,66,39,34,25,0
3,6,50,12,0,7,0,1,0,15,31,38,18,0
4,4,38,10,0,13,2,3,0,86,13,36,11,0
7,2,25,13,4,7,4,2,0,55,3,10,35,0
8,2,30,0,3,1,0,1,0,16,12,54,28,0
8,3,20,7,2,7,2,0,0,16,16,93,26,0
0,7,12,12,3,2,2,3,0,21,32,98,17,0
4,7,11,15,2,1,5,1,0,27,8,18,23,0
5,2,38,2,2,8,4,2,0,13,20,68,18,0
8,5,5,7,3,0,2,1,0,10,13,96,24,0
8,7,66,10,0,5,5,3,0,33,10,74,18,0
6,1,21,8,5,12,2,1,0,37,29,91,24,0
5,4,15,2,2,1,1,3,0,13,14,55,14,0
3,5,10,14,5,3,0,0,0,31,6,47,37,0
4,0,63,11,4,13,3,0,0,75,7,97,33,0
4,3,36,5,3,1,5,1,0,41,31,35,22,0
7,5,9,13,4,5,4,3,0,36,12,11,25,0
3,5,21,5,3,6,4,3,0,39,3,43,3,0
9,1,20,0,6,1,4,2,0,83,38,84,14,0
5,3,36,9,2,13,0,4,0,10,6,97,9,0
1,1,48,0,2,1,5,0,0,22,17,50,3,0
5,5,62,8,4,13,5,3,0,96,34,86,18,0
9,6,22,1,5,4,4,4,0,76,20,19,19,0
6,2,62,2,0,6,0,0,0,77,16,60,27,0
6,2,26,2,5,2,5,3,0,77,0,66,13,0
2,2,29,0,5,7,5,4,0,92,12,67,37,0
0,1,43,0,6,7,1,4,0,62,8,0,31,0
2,1,33,0,2,9,4,4,0,84,19,27,29,0
6,6,24,6,2,3,2,0,0,11,20,27,28,0
1,3,63,9,3,2,4,1,0,33,11,37,10,0
5,2,56,11,6,9,0,0,0,22,14,79,26,0
3,2,43,4,2,8,3,3,0,63,18,21,36,0
5,4,61,6,0,12,4,4,0,18,18,62,12,0
3,1,64,2,5,7,2,2,0,24,1,76,23,0
4,6,66,14,0,3,2,2,0,67,2,56,6,0
9,5,20,9,0,1,5,3,0,19,39,44,32,0
6,1,12,8,3,1,3,1,0,26,26,87,33,0
6,1,25,7,1,9,0,3,0,23,38,91,33,0
5,1,9,9,5,3,3,2,0,2,21,78,9,0
8,2,3,11,3,4,2,0,0,72,27,55,9,0
3,7,53,11,3,2,0,2,0,88,34,33,24,0
1,2,67,13,2,11,3,1,0,14,13,86,4,0
5,3,29,9,2,11,5,4,0,50,2,49,18,0
5,6,10,0,2,7,5,2,0,50,29,42,2,0
9,4,26,2,5,4,4,3,0,47,4,47,29,0
3,4,7,5,5,1,2,2,0,11,14,94,13,0
3,4,34,4,5,3,1,3,0,22,7,87,21,0
1,3,9,12,2,5,0,4,0,0,11,45,8,0
8,7,43,6,2,11,5,1,0,80,4,82,20,0
9,4,56,6,1,5,5,1,0,56,15,80,5,0
3,1,54,15,0,1,3,1,0,68,24,8,39,0
4,6,22,1,4,2,4,3,0,10,6,54,33,0
5,5,47,11,4,4,1,1,0,46,34,64,13,0
0,4,6,10,0,3,5,2,0,74,13,7,20,0
1,3,56,10,5,11,1,4,0,38,35,32,38,0
0,7,62,10,1,13,5,4,0,18,0,5,17,0
6,1,23,11,0,12,2,2,0,60,12,37,20,0
9,1,41,2,3,2,5,3,0,42,28,52,25,0
1,7,0,15,3,10,4,2,0,86,6,78,14,0
9,6,44,11,0,4,3,0,0,6,23,36,18,0
9,4,12,13,0,13,4,1,0,15,22,60,14,0
2,2,19,2,5,3,2,3,0,97,35,71,15,0
4,5,59,14,5,1,2,1,0,56,11,52,22,0
1,7,42,6,3,0,4,2,0,34,3,25,38,0
2,6,33,15,1,4,5,0,0,32,23,60,37,0
2,3,32,4,0,9,2,2,0,64,39,53,6,0
6,4,12,0,0,5,0,0,0,12,30,12,32,0
0,1,51,9,0,8,3,1,0,95,21,79,30,0
2,2,48,8,5,6,5,3,0,58,5,60,27,0
4,1,11,7,3,2,2,3,0,49,25,81,29,0
6,0,68,14,5,4,2,3,0,38,15,14,17,0
1,5,68,13,6,2,1,1,0,79,3,62,11,0
2,0,64,2,5,13,3,0,0,87,33,77,37,0
1,5,20,7,3,7,1,1,0,1,35,60,34,0
7,5,15,12,3,1,0,1,0,60,1,91,16,0
4,1,54,9,6,0,0,0,0,20,9,82,11,0
1,0,38,12,6,12,5,0,0,20,7,59,17,0
0,5,48,4,6,8,5,2,0,40,26,7,10,0
3,5,22,8,4,9,0,3,0,18,39,31,15,0
9,1,54,8,0,9,1,0,0,56,30,6,16,0
3,5,34,5,4,0,3,0,0,70,16,78,24,0
9,2,35,15,0,12,1,1,0,42,1,59,14,0
8,2,26,2,6,9,1,1,0,32,15,27,24,0
3,5,41,0,5,10,4,1,0,82,0,34,35,0
5,2,0,12,2,6,1,3,0,78,4,88,36,0
5,3,26,11,4,12,5,4,0,57,33,27,14,0
2,6,7,11,4,10,0,0,0,8,28,32,11,0
5,1,28,9,4,2,0,2,0,8,29,38,20,0
0,2,42,5,5,9,1,4,0,19,38,17,17,0
8,7,32,14,3,12,2,1,0,44,10,79,2,0
7,1,46,1,1,2,0,0,0,66,23,68,9,0
4,0,10,5,1,7,0,2,0,69,7,40,35,0
3,0,17,3,4,1,4,0,0,96,5,95,30,0
3,5,51,4,6,8,0,3,0,18,14,91,32,0
9,5,4,9,6,2,4,4,0,3,22,87,8,0
4,3,53,1,4,10,1,1,0,75,9,6,8,0
3,0,62,14,0,4,2,2,0,83,2,8,32,0
7,3,43,10,3,6,4,4,0,5,17,96,23,0
9,2,29,8,5,10,2,3,0,56,9,98,7,0
0,6,37,10,5,1,5,2,0,20,20,5,3,0
0,5,22,4,3,1,4,3,0,57,0,44,32,0
7,1,7,14,6,6,1,3,0,72,7,66,25,0
6,4,7,0,6,11,0,0,0,54,1,70,2,0
9,5,4,6,1,7,3,1,0,91,16,69,30,0
9,7,48,15,5,11,2,1,0,64,22,44,37,0
1,7,40,6,0,13,4,3,0,66,6,51,14,0
4,2,56,13,2,11,3,2,0,29,33,56,37,0
1,0,42,6,5,0,2,1,0,1,11,84,2,0
3,5,20,12,5,10,5,2,0,73,27,47,18,0
5,0,14,5,4,1,2,4,0,86,11,45,5,0
3,7,21,9,5,9,0,1,0,71,21,12,31,0
9,2,10,14,6,5,4,0,0,34,6,86,14,0
8,2,28,2,6,9,1,2,0,95,30,19,13,0
0,1,44,3,6,4,2,1,0,10,29,91,0,0
2,1,45,7,3,0,3,3,0,26,5,4,7,0
4,2,57,12,2,1,1,2,0,6,2,40,24,0
0,3,41,2,4,6,2,3,0,27,29,51,19,0
6,4,26,9,3,8,2,4,0,71,21,95,12,0
4,5,29,3,3,9,3,0,0,12,34,30,14,0
0,4,38,0,2,1,2,4,0,13,35,27,1,0
8,4,26,14,5,12,5,4,0,43,11,33,11,0
0,5,22,15,3,13,0,2,0,2,16,96,3,0
4,5,26,4,5,6,2,1,0,46,33,18,33,0
3,3,46,8,2,1,1,2,0,0,12,92,8,0
4,0,54,0,4,11,0,0,0,66,33,69,0,0
1,5,20,12,2,9,3,2,0,20,39,75,5,0
9,1,52,11,4,0,2,4,0,79,1,41,4,0
1,6,0,7,2,6,4,1,0,24,12,58,5,0
7,2,55,14,2,12,2,0,0,31,11,36,20,0
4,2,11,14,0,10,1,3,0,17,10,46,36,0
6,6,65,8,5,9,5,4,0,84,0,6,5,0
3,7,67,8,6,2,3,1,0,6,27,10,16,0
0,5,9,7,3,3,3,2,0,85,39,92,26,0
2,7,14,3,3,9,4,4,0,82,21,95,5,0
7,3,61,11,1,7,0,3,0,22,0,68,20,0
8,1,55,5,4,2,1,1,0,24,10,15,4,0
8,4,28,2,2,12,5,0,0,44,6,54,33,0
6,3,36,8,3,3,4,3,0,57,1,71,12,0
7,7,13,2,3,3,1,0,0,14,11,23,24,0
9,1,36,13,2,9,3,0,0,10,0,41,24,0
3,4,50,15,2,5,1,1,0,30,36,63,24,0
0,2,27,11,5,12,4,1,0,1,31,88,21,0
9,7,10,4,3,4,2,2,0,81,17,54,24,0
4,3,29,10,6,4,4,4,0,10,26,77,14,0
3,0,7,3,0,8,5,0,0,63,21,27,20,0
7,5,10,8,0,11,5,0,0,37,24,98,18,0
2,6,44,3,2,4,0,3,0,61,2,59,35,0
7,1,59,12,0,9,3,1,0,46,9,58,33,0
3,4,27,12,5,3,1,4,0,6,5,76,22,0
5,6,2,8,6,13,1,3,0,35,27,52,30,0
2,7,15,8,5,8,5,1,0,85,17,47,27,0
5,3,23,8,5,1,0,1,0,97,1,1,39,0
8,6,9,3,3,5,4,3,0,7,29,48,10,0
2,3,6,10,5,12,1,4,0,23,34,42,8,0
1,3,35,11,1,2,0,3,0,47,2,28,29,0
9,6,0,15,3,1,1,4,0,12,2,14,13,0
9,4,67,0,1,9,4,4,0,35,7,73,33,0
2,3,63,3,6,13,0,1,0,73,8,24,20,0
2,3,65,6,3,13,3,3,0,20,4,7,19,0
7,6,54,14,1,8,3,1,0,37,16,98,38,0
3,7,66,7,1,13,1,1,0,77,19,5,32,0
3,6,60,13,3,2,3,4,0,39,38,40,16,0
6,1,26,12,5,8,5,0,0,38,17,34,22,0
6,2,21,11,1,12,1,1,0,54,3,29,16,0
7,6,3,14,3,2,4,1,0,61,22,57,6,0
2,6,24,6,0,10,4,1,0,55,4,77,1,0
4,2,55,14,5,11,1,4,0,81,26,15,19,0
7,6,67,11,4,5,5,1,0,39,31,57,8,0
9,5,59,0,6,7,3,3,0,90,21,86,7,0
1,3,17,7,2,10,2,1,0,45,29,25,0,0
3,3,54,3,6,10,2,1,0,8,28,73,4,0
4,3,11,9,1,1,2,2,0,72,24,85,5,0
3,0,9,0,2,13,1,0,0,99,0,36,26,0
6,0,67,7,4,5,0,2,0,63,19,81,17,0
8,6,3,7,4,10,5,3,0,51,7,80,39,0
5,2,62,10,2,5,4,1,0,40,8,68,39,0
7,7,67,15,4,7,4,2,0,70,27,62,5,0
6,5,59,9,5,10,2,0,0,96,3,93,0,0
4,0,29,8,1,13,1,3,0,66,15,17,16,0
8,5,7,13,2,0,5,2,0,71,7,48,4,0
0,1,30,15,3,10,1,1,0,39,13,71,29,0
0,4,58,14,4,0,2,3,0,68,39,97,30,0
4,6,35,1,3,1,5,1,0,67,15,20,35,0
2,3,12,0,4,2,4,2,0,71,26,53,14,0
9,0,40,9,6,12,2,3,0,54,23,72,24,0
5,6,58,6,1,5,0,0,0,75,5,27,23,0
3,2,27,13,1,3,1,4,0,65,22,76,12,0
4,4,60,10,4,1,2,3,0,22,21,99,18,0
3,1,49,2,4,11,3,1,0,49,38,57,11,0
6,1,31,10,2,9,0,2,0,47,0,88,3,0
6,4,46,7,0,12,1,2,0,52,25,54,24,0
3,0,24,13,0,13,3,2,0,96,36,77,3,0
9,7,18,9,6,13,1,2,0,66,39,32,33,0
5,7,53,6,4,13,0,4,0,13,19,72,39,0
8,4,27,10,2,10,0,4,0,93,16,65,37,0
5,7,30,8,6,3,5,0,0,94,20,14,7,0
2,0,5,6,1,2,5,0,0,58,9,23,23,0
6,0,38,2,6,11,0,0,0,32,4,69,39,0
5,4,47,14,5,11,0,0,0,40,0,31,24,0
0,3,18,1,2,1,4,4,0,99,36,22,24,0
6,5,21,14,2,5,4,2,0,7,10,38,0,0
6,2,6,2,6,7,3,4,0,42,30,32,29,0
9,7,61,13,3,1,4,1,0,61,9,59,8,0
3,6,40,7,4,8,0,2,0,94,14,3,7,0
3,3,64,12,0,2,5,0,0,74,1,95,36,0
9,4,65,5,2,3,5,1,0,12,28,65,24,0
7,2,1,7,4,8,0,1,0,36,12,40,2,0
6,5,36,1,0,13,5,4,0,71,5,2,13,0
7,2,51,14,2,12,1,3,0,32,13,37,36,0
2,2,57,7,5,7,1,1,0,61,24,61,26,0
3,5,50,7,5,0,2,3,0,86,23,1,19,0
6,6,51,0,3,9,0,2,0,9,32,80,3,0
6,5,19,14,3,2,4,1,0,44,31,44,31,0
9,2,45,12,2,13,2,3,0,33,18,46,31,0
2,1,36,8,5,10,2,1,0,76,22,4,33,0
4,7,11,1,5,2,0,1,0,92,16,26,28,0
8,1,51,8,2,10,1,3,0,75,0,60,17,0
2,5,5,0,3,0,2,3,0,24,23,99,0,0
4,6,12,15,4,13,1,0,0,92,22,62,8,0
3,3,33,1,5,7,1,0,0,6,38,86,15,0
7,6,52,3,1,2,5,1,0,80,34,73,8,0
8,0,52,9,3,10,4,3,0,65,16,80,19,0
0,4,32,2,0,7,3,2,0,95,1,70,21,0
8,6,54,9,4,3,0,2,0,52,5,60,17,0
0,5,48,0,0,7,1,3,0,48,4,11,3,0
7,5,49,7,1,7,0,3,0,81,22,72,35,0
4,2,50,0,0,12,1,4,0,93,8,54,20,0
9,0,13,13,1,7,1,1,0,21,16,34,7,0
2,0,52,8,2,6,1,0,0,66,15,57,3,0
2,5,68,8,0,3,3,4,0,2,32,41,29,0
5,5,53,6,2,13,0,2,0,87,28,14,26,0
7,0,52,0,1,0,4,2,0,96,31,91,25,0
6,2,4,12,6,12,2,2,0,10,26,28,0,0
6,3,49,3,6,13,2,2,0,32,37,62,6,0
7,0,14,5,4,1,3,3,0,46,38,80,19,0
0,4,2,7,4,11,2,0,0,73,12,30,33,0
3,7,1,14,1,3,1,0,0,90,39,29,18,0
9,7,27,10,0,4,2,2,0,38,9,26,12,0
5,1,5,15,0,3,5,3,0,40,30,50,31,0
8,2,5,9,2,5,1,1,0,34,36,4,5,0
3,7,43,15,6,13,5,0,0,17,24,88,26,0
8,5,4,10,6,6,2,3,0,90,11,93,8,0
7,0,27,4,3,12,4,3,0,29,5,80,19,0
4,6,55,11,0,12,2,1,0,20,22,88,2,0
9,2,25,1,0,1,2,4,0,61,35,32,3,0
6,7,15,15,5,0,4,2,0,17,20,36,25,0
4,3,29,15,3,7,3,3,0,17,5,12,35,0
8,3,36,2,4,2,1,0,0,11,27,43,10,0
5,3,0,3,1,4,2,0,0,47,11,26,36,0
7,4,3,4,4,1,2,0,0,41,10,54,11,0
4,0,12,4,5,8,4,0,0,71,5,97,10,0
2,3,45,13,5,0,1,3,0,89,34,65,22,0
6,1,6,2,4,4,5,2,0,48,16,20,13,0
7,7,6,6,1,11,4,1,0,78,1,31,6,0
3,5,45,5,5,6,5,0,0,71,3,77,19,0
9,4,33,10,3,6,4,0,0,31,28,97,8,0
9,1,50,11,6,10,0,3,0,18,24,12,2,0
6,1,61,13,4,10,4,3,0,57,12,60,33,0
3,5,23,9,4,3,2,4,0,58,36,12,39,0
1,7,25,3,2,2,5,0,0,71,36,55,39,0
0,5,28,14,2,13,5,4,0,32,36,54,6,0
4,6,64,15,4,0,4,4,0,60,11,0,22,0
8,2,15,11,3,11,1,3,0,66,2,84,19,0
3,2,46,10,5,0,4,1,0,77,15,67,28,0
3,3,12,11,0,6,5,2,0,23,26,60,33,0
0,6,21,14,0,7,4,4,0,39,39,92,20,0
2,1,45,13,2,1,2,4,0,61,17,73,7,0
3,0,29,2,3,13,4,4,0,50,37,93,38,0
3,5,66,2,2,5,3,4,0,0,0,2,29,0
1,5,1,1,5,10,4,3,0,8,35,34,23,0
4,0,13,11,3,8,4,0,0,86,21,18,16,0
0,2,28,12,0,8,3,0,0,75,0,33,3,0
2,4,7,11,5,12,3,0,0,54,31,63,22,0
0,7,51,7,3,2,3,2,0,55,15,37,9,0
9,0,61,12,2,12,3,3,0,49,17,84,3,0
9,0,23,7,5,5,3,4,0,58,29,25,37,0
0,2,51,12,4,1,1,2,0,35,19,19,39,0
5,5,57,14,1,13,4,1,0,45,33,98,28,0
0,1,12,5,0,6,3,2,0,25,17,12,31,0
0,2,65,10,1,7,5,0,0,47,12,66,37,0
0,6,15,3,6,5,0,4,0,15,6,5,36,0
4,3,4,3,1,3,0,4,0,43,21,52,0,0
3,1,2,13,0,13,3,0,0,76,33,56,25,0
5,3,54,5,0,6,3,1,0,60,33,39,13,0
0,7,56,6,3,5,5,1,0,10,13,26,14,0
0,7,20,14,3,13,5,4,0,79,34,2,10,0
7,3,58,8,6,0,4,3,0,57,17,87,29,0
2,4,2,14,5,12,5,3,0,50,24,22,26,0
8,1,0,7,5,3,1,0,0,41,31,22,22,0
2,4,45,4,6,5,2,1,0,50,36,10,13,0
4,5,3,1,4,8,5,3,0,42,29,67,7,0
6,5,55,11,3,4,5,2,0,36,33,85,27,0
9,0,6,13,2,6,5,0,0,8,39,91,13,0
0,2,18,14,0,7,1,3,0,94,11,17,5,0
7,5,46,3,3,3,2,4,0,47,6,99,38,0
2,4,3,0,4,5,4,4,0,40,27,32,2,0
3,2,16,10,5,10,2,1,0,79,26,67,13,0
7,3,58,14,6,6,3,1,0,52,3,95,21,0
2,4,54,3,1,5,4,4,0,53,21,65,2,0
7,5,54,5,0,6,3,1,0,89,3,96,32,0
7,2,62,9,1,8,3,4,0,83,23,80,39,0
2,2,67,3,5,2,4,3,0,30,1,49,6,0
1,2,7,3,2,10,0,1,0,83,9,24,20,0
6,6,14,3,6,1,4,3,0,55,18,71,27,0
8,4,23,1,4,12,2,4,0,3,14,31,25,0
0,6,47,0,5,6,5,1,0,2,16,30,11,0
1,6,45,4,5,2,2,4,0,99,30,95,31,0
4,2,16,10,5,11,0,3,0,79,16,94,28,0
2,2,29,3,3,0,5,3,0,67,22,56,5,0
1,1,60,2,3,1,5,4,0,57,25,5,12,0
1,4,15,10,5,4,1,3,0,29,9,25,0,0
7,6,20,2,1,9,0,4,0,98,0,38,36,0
1,4,15,6,3,6,3,2,0,29,35,55,25,0
5,7,65,4,5,0,4,4,0,53,38,38,13,0
7,3,1,15,6,5,3,3,0,40,6,67,34,0
7,7,29,15,2,2,1,3,0,3,7,23,6,0
3,2,57,14,1,10,4,1,0,93,24,84,10,0
3,4,41,0,4,7,1,3,0,43,14,59,38,0
4,0,46,13,2,11,0,3,0,57,3,6,11,0
3,2,44,0,4,2,0,0,0,17,6,20,38,0
5,6,65,12,2,2,1,0,0,22,16,93,28,0
8,5,14,10,1,5,4,3,0,84,32,10,25,0
8,4,54,15,3,10,0,4,0,12,7,96,17,0
6,1,64,2,2,9,4,0,0,80,9,73,23,0
4,2,50,15,5,13,5,0,0,63,10,27,20,0
1,2,41,13,1,10,4,4,0,63,15,35,39,0
5,7,57,4,2,12,1,3,0,7,6,63,25,0
3,3,61,5,3,2,5,2,0,5,11,80,9,0
1,6,11,2,6,1,1,2,0,86,31,53,20,0
5,7,61,4,1,10,1,3,0,49,29,68,27,0
2,0,64,11,5,9,3,1,0,59,24,47,15,0
9,4,13,14,2,2,2,1,0,47,8,68,37,0
5,5,56,15,4,2,2,0,0,78,0,54,9,0
1,0,12,0,6,2,4,4,0,67,14,37,11,0
7,7,5,3,1,8,4,3,0,36,28,40,3,0
4,6,50,4,1,3,2,1,0,92,28,19,1,0
4,1,24,1,6,8,1,4,0,98,38,11,3,0
9,7,41,13,2,9,4,3,0,28,39,99,32,0
4,1,21,13,6,0,4,3,0,49,25,82,36,0
5,7,14,15,2,6,0,0,0,70,35,83,22,0
8,6,27,11,2,8,0,0,0,1,32,40,10,0
2,2,37,9,2,0,0,3,0,25,33,12,39,0
2,5,52,0,5,3,5,2,0,0,25,63,11,0
5,1,54,9,4,2,3,1,0,47,33,10,14,0
1,5,31,14,3,3,5,3,0,92,17,54,18,0
9,7,43,4,3,6,4,4,0,39,5,16,37,0
8,0,12,1,2,13,4,2,0,72,14,15,20,0
5,3,32,7,0,7,1,0,0,69,10,35,20,0
6,4,65,11,6,4,2,0,0,43,1,59,3,0
4,1,65,5,3,1,5,1,0,28,36,36,17,0
4,6,26,3,0,1,3,1,0,32,7,22,6,0
5,3,49,10,5,5,4,4,0,40,25,55,30,0
0,2,12,4,6,0,4,4,0,17,6,90,29,0
8,6,19,5,0,7,2,3,0,69,9,48,28,0
9,1,64,9,2,7,5,0,0,67,31,87,24,0
2,1,14,6,5,6,1,0,0,11,10,14,32,0
2,7,4,6,5,6,3,0,0,91,8,17,38,0
1,3,32,4,6,2,1,2,0,34,15,59,21,0
8,5,34,4,0,9,5,4,0,81,35,42,36,0
1,5,56,13,2,6,4,4,0,53,31,75,24,0
9,6,16,15,6,0,3,4,0,55,7,90,17,0
1,0,52,12,1,1,1,2,0,97,12,28,6,0
0,6,53,4,2,9,5,0,0,69,10,22,29,0
4,7,6,8,6,5,5,1,0,54,13,95,17,0
6,7,37,12,6,12,0,1,0,10,7,45,38,0
7,6,31,11,5,10,0,4,0,50,28,92,27,0
2,1,5,15,3,1,3,1,0,24,29,64,0,0
1,1,58,14,0,0,4,4,0,88,34,5,35,0
8,3,1,2,1,9,0,3,0,47,8,71,27,0
3,7,31,5,3,13,1,4,0,71,22,88,35,0
8,4,8,7,0,7,4,1,0,16,26,27,26,0
8,3,55,13,5,5,1,2,0,32,11,3,28,0
5,6,5,12,1,0,3,4,0,50,8,19,6,0
3,7,64,1,0,6,2,2,0,74,35,21,20,0
6,7,65,3,2,4,4,2,0,53,3,28,8,0
5,5,6,6,1,1,1,4,0,81,15,68,21,0
7,4,53,7,2,12,4,0,0,60,12,54,39,0
1,4,1,7,6,1,2,3,0,17,25,83,6,0
8,6,61,10,4,11,3,3,0,64,15,32,37,0
2,5,50,9,0,0,1,0,0,0,11,47,33,0
1,3,23,2,4,9,5,3,0,59,26,34,5,0
7,0,42,15,5,8,0,3,0,3,2,15,3,0
8,5,35,3,3,7,2,1,0,45,12,23,16,0
3,7,61,11,1,10,5,0,0,93,1,92,3,0
0,2,30,14,3,9,4,1,0,44,7,38,35,0
1,1,58,9,0,10,2,3,0,71,1,30,33,0
2,7,37,6,3,11,4,2,0,72,12,71,8,0
3,3,44,9,1,12,3,0,0,24,34,11,1,0
2,5,67,4,6,7,5,0,0,44,0,45,10,0
6,7,62,0,3,2,5,4,0,63,22,99,20,0
5,7,8,13,0,10,5,3,0,92,20,12,33,0
3,1,53,1,6,13,1,1,0,11,18,99,21,0
4,4,62,1,2,1,3,0,0,65,32,36,33,0
0,3,52,9,0,3,0,0,0,4,7,14,38,0
1,5,27,11,0,0,2,0,0,65,11,27,19,0
7,4,41,8,5,5,4,4,0,83,8,86,0,0
8,7,0,11,0,4,0,3,0,15,3,79,2,0
2,4,31,10,0,2,2,1,0,83,14,29,26,0
4,2,37,11,2,9,2,0,0,68,14,28,11,0
6,0,28,10,0,3,2,4,0,27,3,26,36,0
6,1,1,11,2,6,0,2,0,96,5,14,21,0
2,4,38,1,0,12,4,4,0,46,35,0,17,0
4,1,67,15,0,3,5,0,0,46,32,60,36,0
1,3,8,14,2,8,4,0,0,15,30,16,8,0
4,5,47,12,2,0,3,3,0,88,26,94,5,0
6,6,53,12,0,13,0,1,0,32,26,17,31,0
9,7,56,10,0,10,0,2,0,18,12,17,23,0
7,0,14,15,5,8,4,3,0,91,23,12,34,0
6,6,35,4,6,4,5,3,0,24,8,46,1,0
2,0,17,12,0,8,1,2,0,82,35,8,22,0
3,1,67,13,3,4,2,4,0,68,10,76,3,0
0,3,61,6,4,0,0,2,0,27,10,45,35,0
4,4,40,6,6,13,4,4,0,19,31,33,10,0
7,0,32,8,0,13,3,3,0,67,13,11,39,0
1,4,63,5,5,0,5,3,0,86,39,94,4,0
2,5,42,3,4,13,3,3,0,81,6,84,30,0
0,6,29,7,6,10,0,0,0,80,14,36,25,0
8,3,36,11,4,2,0,2,0,66,18,95,4,0
4,6,20,1,3,7,2,0,0,92,39,26,7,0
9,6,51,0,3,4,5,4,0,2,33,18,24,0
9,2,2,14,1,12,5,4,0,93,36,93,33,0
2,1,33,0,1,12,0,0,0,55,35,95,39,0
2,2,47,11,4,8,4,3,0,50,38,52,18,0
6,3,60,3,4,6,0,1,0,10,31,57,16,0
5,4,18,3,5,12,1,1,0,57,0,10,12,0
3,7,68,12,6,5,3,0,0,99,2,90,18,0
9,3,30,9,5,2,3,0,0,93,25,41,26,0
8,5,42,2,0,8,5,0,0,11,29,20,33,0
6,5,26,6,3,7,5,0,0,72,36,21,33,0
7,4,65,8,5,8,0,3,0,48,29,50,18,0
5,7,53,15,4,9,2,1,0,17,35,10,14,0
7,4,47,0,2,9,3,0,0,42,36,83,18,0
1,3,62,10,1,3,0,3,0,96,20,54,33,0
0,2,3,0,6,9,2,3,0,47,27,83,35,0
2,6,32,15,5,3,5,1,0,74,14,41,21,0
9,3,67,9,6,8,3,1,0,70,21,68,23,0
5,1,30,10,2,0,0,2,0,58,11,10,28,0
1,4,1,6,6,8,4,0,0,6,5,61,6,0
6,5,52,4,3,12,2,0,0,83,8,14,5,0
1,5,33,13,3,3,4,3,0,48,12,40,6,0
4,0,28,14,3,12,4,0,0,45,35,59,6,0
3,3,44,12,5,1,5,1,0,24,32,40,38,0
8,3,25,10,4,8,0,4,0,64,8,95,25,0
9,0,31,11,6,12,1,0,0,10,38,72,18,0
4,5,40,11,2,9,1,2,0,4,39,7,9,0
3,6,19,9,1,8,1,1,0,22,22,85,8,0
9,6,22,13,0,4,4,4,0,94,11,24,29,0
0,6,33,7,6,6,5,4,0,81,9,22,13,0
2,0,18,13,1,11,2,1,0,91,7,18,16,0
5,7,60,13,2,12,4,0,0,27,2,74,36,0
3,4,63,4,4,6,5,4,0,63,5,91,29,0
0,0,54,5,6,10,0,2,0,7,28,12,29,0
8,1,63,1,1,1,1,4,0,0,35,81,34,0
8,5,56,0,3,12,0,1,0,51,38,72,11,0
8,1,41,2,2,1,4,0,0,42,4,41,20,0
1,0,31,15,1,8,5,3,0,48,30,13,20,0
5,7,41,14,4,2,0,2,0,26,6,70,21,0
5,2,39,5,2,8,5,2,0,61,25,13,12,0
8,7,24,12,0,12,4,3,0,10,9,32,37,0
1,7,4,2,1,6,0,1,0,63,9,94,31,0
4,7,11,0,3,7,2,4,0,88,30,12,3,0
3,3,47,10,5,10,4,2,0,54,13,7,4,0
6,0,65,0,5,3,0,3,0,11,16,96,0,0
1,3,51,4,1,0,5,1,0,26,17,6,11,0
2,7,38,12,1,1,3,0,0,59,20,45,27,0
6,7,11,2,4,0,5,3,0,97,37,79,27,0
1,7,46,1,0,2,3,4,0,17,23,95,34,0
7,0,59,10,1,13,4,3,0,2,28,30,29,0
4,3,33,3,6,5,5,3,0,70,27,64,38,0
9,6,68,4,3,6,3,1,0,97,25,17,34,0
6,4,22,15,2,3,1,1,0,23,24,5,28,0
2,4,2,12,0,0,2,0,0,69,8,99,39,0
1,1,11,12,0,10,2,3,0,70,21,85,7,0
7,2,7,15,5,2,5,0,0,86,39,13,38,0
9,1,55,0,0,7,0,4,0,44,8,18,4,0
1,5,60,3,0,10,5,2,0,34,9,91,12,0
3,2,12,5,3,12,1,3,0,86,24,91,1,0
4,7,18,11,5,8,3,4,0,38,34,96,12,0
8,1,16,14,5,4,1,1,0,75,22,74,2,0
1,0,7,2,5,4,3,4,0,48,8,13,16,0
6,6,7,2,1,10,1,2,0,22,17,14,29,0
3,0,2,14,4,13,1,1,0,6,32,62,11,0
5,6,23,11,4,13,0,0,0,3,18,49,7,0
5,1,62,6,6,0,3,2,0,3,30,5,6,0
1,0,18,5,1,11,2,2,0,97,10,63,34,0
3,2,29,0,5,1,5,2,0,34,22,74,32,0
5,1,43,5,4,11,0,1,0,46,39,54,7,0
7,6,9,15,0,13,0,3,0,70,9,70,28,0
2,1,65,15,1,8,5,4,0,44,28,6,27,0
3,1,36,6,6,12,4,3,0,91,11,20,26,0
8,7,24,8,2,3,4,0,0,91,29,71,21,0
9,1,66,10,2,10,5,0,0,60,26,67,14,0
5,0,36,11,5,5,2,4,0,52,38,85,38,0
7,7,23,11,2,6,5,2,0,10,27,96,26,0
6,6,56,11,1,1,4,1,0,85,5,48,14,0
5,0,44,5,2,7,1,1,0,45,1,57,21,0
0,6,24,5,2,4,1,1,0,50,12,32,30,0
9,4,33,0,1,12,4,0,0,50,13,55,7,0
1,5,11,0,3,2,1,4,0,11,20,50,3,0
6,2,36,13,1,1,5,2,0,15,21,60,22,0
4,0,56,5,1,4,4,0,0,1,20,6,25,0
6,5,42,6,4,7,5,2,0,79,18,43,21,0
2,2,1,3,1,5,5,2,0,78,13,82,11,0
4,5,68,8,0,8,3,1,0,8,31,41,21,0
5,6,30,4,0,2,2,2,0,19,7,97,39,0
6,0,44,1,3,6,4,0,0,16,9,66,5,0
7,0,40,7,0,1,0,1,0,40,38,41,36,0
6,7,8,13,0,8,1,0,0,11,5,16,35,0
4,6,42,14,5,12,1,1,0,25,11,82,5,0
0,1,10,6,3,4,0,2,0,98,17,24,32,0
6,5,17,14,2,12,1,0,0,45,5,60,9,0
9,4,56,4,1,2,2,3,0,4,29,78,23,0
8,4,10,15,3,8,0,1,0,30,36,3,35,0
9,2,36,1,4,7,0,4,0,6,34,27,4,0
1,2,65,12,2,11,4,4,0,3,31,39,4,0
7,2,2,6,0,1,5,4,0,84,22,7,30,0
9,1,8,9,2,13,5,3,0,47,21,80,8,0
0,4,13,1,1,11,4,3,0,26,30,52,36,0
3,7,1,11,6,8,5,0,0,27,0,65,35,0
1,4,53,3,4,12,1,4,0,69,14,54,34,0
3,4,43,6,2,12,5,4,0,33,28,0,38,0
9,1,36,13,0,12,2,3,0,37,28,63,5,0
6,5,46,10,5,4,0,3,0,89,39,94,34,0
4,2,63,7,1,4,0,4,0,11,3,83,22,0
9,2,36,12,5,12,4,1,0,25,20,42,17,0
4,7,5,1,1,6,3,1,0,55,25,71,7,0
2,1,11,2,6,0,4,0,0,69,21,48,35,0
7,5,62,10,0,9,3,1,0,84,32,0,22,0
6,6,31,13,5,9,5,4,0,54,33,44,25,0
3,2,65,7,3,6,4,0,0,48,38,63,7,0
1,0,49,9,1,4,3,3,0,84,33,94,11,0
1,4,16,7,2,6,1,4,0,95,14,5,27,0
7,1,1,6,1,1,3,3,0,28,34,47,38,0
8,6,69,8,0,11,0,3,0,97,33,80,18,0
8,6,7,3,6,13,1,1,0,31,27,7,0,0
0,3,35,5,4,9,5,2,0,67,36,15,11,0
3,6,19,12,6,12,5,1,0,69,15,33,12,0
3,0,39,7,5,0,2,1,0,63,34,18,19,0
2,3,22,2,2,8,1,0,0,99,33,84,2,0
9,5,43,10,1,7,0,1,0,24,15,18,37,0
3,2,17,8,2,13,1,0,0,13,31,69,15,0
2,1,10,13,4,2,0,3,0,76,15,69,35,0
0,7,56,10,6,11,5,0,0,79,9,19,31,0
0,4,17,9,0,2,5,3,0,23,2,81,5,0
7,2,18,7,4,12,0,1,0,13,0,64,10,0
2,3,55,0,3,3,4,1,0,75,27,72,9,0
3,4,44,15,1,1,4,3,0,49,11,81,12,0
2,5,53,4,5,5,5,2,0,54,31,69,4,0
1,0,42,12,6,13,5,1,0,23,10,57,19,0
8,6,29,6,3,6,5,4,0,48,27,69,14,0
0,2,15,9,5,6,4,0,0,70,1,94,8,0
3,5,37,5,4,4,5,2,0,57,19,62,12,0
9,1,32,9,0,10,5,4,0,45,0,26,39,0
0,6,28,11,1,5,1,2,0,40,29,51,16,0
7,4,11,5,3,3,2,0,0,49,13,9,38,0
4,5,43,2,5,4,3,4,0,58,16,71,30,0
1,1,63,9,5,11,3,2,0,44,13,50,9,0
0,0,56,9,6,13,3,0,0,66,14,64,4,0
8,5,43,1,5,6,0,1,0,91,33,17,30,0
0,0,26,1,6,5,1,0,0,7,27,79,5,0
2,0,68,7,4,13,1,0,0,45,35,84,32,0
3,5,39,3,4,7,1,0,0,36,19,9,25,0
5,1,41,6,6,6,2,2,0,3,8,3,33,0
7,0,32,6,1,4,2,4,0,63,36,10,24,0
4,5,5,10,1,10,4,2,0,27,32,64,12,0
4,3,60,13,3,13,0,4,0,39,36,45,16,0
6,6,11,7,3,9,2,0,0,50,23,39,36,0
8,1,42,15,3,9,1,0,0,49,24,11,30,0
9,6,63,9,2,11,5,0,0,47,14,47,14,0
7,2,50,9,0,2,4,0,0,60,30,26,8,0
3,5,63,14,1,6,3,0,0,29,38,61,14,0
7,1,13,10,5,8,1,2,0,15,28,8,7,0
3,3,23,15,5,11,5,3,0,93,38,75,6,0
8,6,53,7,3,6,5,3,0,0,28,40,7,0
9,4,26,6,1,4,4,3,0,39,29,58,15,0
6,0,4,7,5,9,4,1,0,7,0,53,12,0
1,2,31,9,1,13,3,3,0,9,33,64,10,0
6,4,66,12,6,9,2,4,0,84,28,42,20,0
8,6,37,7,1,2,4,2,0,3,19,77,12,0
6,3,11,1,4,9,4,1,0,20,32,92,39,0
6,5,35,3,6,9,0,4,0,19,39,30,31,0
6,3,20,11,3,5,4,1,0,86,18,26,25,0
9,6,61,10,2,3,1,1,0,3,16,30,33,0
8,4,67,13,6,3,2,1,0,20,2,20,28,0
1,5,31,0,3,13,0,2,0,83,31,85,39,0
2,7,1,8,2,2,2,2,0,63,21,17,3,0
5,5,53,13,2,11,2,3,0,35,18,1,11,0
0,6,51,6,1,12,1,2,0,20,32,78,12,0
9,0,68,13,1,1,1,2,0,4,29,70,34,0
5,2,9,5,6,12,0,4,0,43,3,84,2,0
8,4,46,13,1,4,4,0,0,81,31,62,32,0
8,5,44,3,1,12,4,1,0,28,18,4,25,0
6,6,54,1,6,12,3,1,0,93,8,87,33,0
8,1,21,11,3,8,4,0,0,88,13,45,3,0
8,2,41,15,1,8,2,2,0,56,22,46,26,0
0,0,22,5,5,6,1,0,0,56,2,41,33,0
6,2,30,5,3,13,0,3,0,98,19,2,26,0
1,4,41,2,5,0,3,4,0,35,1,53,32,0
1,2,9,6,0,13,4,1,0,29,14,69,14,0
3,5,4,8,0,6,3,4,0,4,30,28,5,0
8,0,25,13,2,0,5,2,0,85,16,71,33,0
5,0,53,13,5,0,1,4,0,10,13,46,17,0
0,7,2,11,1,7,2,1,0,24,0,35,7,0
4,3,12,13,1,12,3,4,0,42,21,61,7,0
4,2,54,8,1,0,4,2,0,24,8,78,4,0
9,1,10,5,2,11,1,3,0,77,6,86,30,0
4,7,21,11,1,4,3,3,0,43,22,65,9,0
9,1,32,11,3,12,4,4,0,26,23,23,29,0
8,6,16,12,3,13,0,0,0,22,34,50,12,0
0,5,4,11,5,7,2,2,0,86,9,57,27,0
0,1,52,5,6,5,0,0,0,84,35,50,17,0
2,5,53,7,5,0,3,2,0,54,30,51,34,0
2,4,18,14,5,2,5,2,0,94,38,6,18,0
3,3,69,12,4,10,5,1,0,31,4,13,37,0
4,3,56,13,4,4,4,2,0,33,1,17,27,0
8,0,62,12,6,1,0,2,0,66,20,86,26,0
2,4,8,12,6,11,1,4,0,10,32,92,1,0
3,1,32,14,0,8,5,1,0,77,2,58,27,0
8,6,61,5,1,1,1,1,0,91,5,54,10,0
6,0,20,4,1,1,4,1,0,35,33,9,3,0
3,7,8,13,1,10,4,0,0,38,27,15,26,0
8,4,10,6,0,10,0,3,0,57,35,66,11,0
4,2,9,3,3,7,1,0,0,25,20,50,34,0
0,6,1,1,2,2,4,0,0,34,13,20,20,0
6,1,51,9,6,7,5,4,0,44,4,84,3,0
1,1,25,14,0,0,0,3,0,76,10,15,24,0
9,5,69,14,3,3,5,3,0,15,8,46,28,0
4,6,58,0,0,7,4,1,0,19,13,35,9,0
3,1,35,3,3,9,4,0,0,30,16,65,3,0
5,4,62,2,5,10,5,0,0,64,15,48,25,0
2,0,43,15,6,5,5,4,0,88,6,24,4,0
0,3,14,6,1,5,3,1,0,68,7,54,5,0
5,6,13,2,3,1,4,2,0,0,22,10,2,0
4,3,59,2,4,9,3,3,0,60,27,72,30,0
9,6,57,7,6,7,3,2,0,44,12,15,38,0
3,4,58,0,2,10,2,0,0,21,8,96,8,0
2,7,61,1,3,6,5,3,0,10,5,98,0,0
6,1,27,0,3,4,0,2,0,4,11,65,10,0
1,6,32,3,6,10,3,0,0,56,2,5,14,0
2,1,68,9,5,10,2,3,0,67,2,14,22,0
1,2,40,8,2,8,3,0,0,72,12,88,5,0
9,3,9,6,3,9,2,2,0,63,39,73,4,0
4,7,34,11,5,11,1,1,0,94,25,68,9,0
3,0,46,14,2,11,0,3,0,68,38,31,21,0
4,5,56,5,6,4,5,2,0,91,0,38,22,0
2,7,41,14,1,5,2,0,0,58,6,35,5,0
1,5,43,12,2,2,3,4,0,44,13,41,5,0
1,0,38,3,3,11,4,2,0,67,26,12,28,0
7,5,37,13,1,7,4,1,0,13,9,30,16,0
6,6,37,7,3,0,4,0,0,38,37,88,1,0
5,4,63,9,2,3,1,3,0,77,16,32,36,0
6,6,56,1,1,12,5,4,0,62,8,65,37,0
3,0,57,10,6,9,2,2,0,10,33,74,21,0
0,3,4,6,4,2,3,0,0,35,19,39,5,0
3,7,62,4,3,5,0,0,0,44,4,30,11,0
0,6,40,10,4,10,1,0,0,1,27,97,18,0
6,5,1,11,2,12,5,3,0,0,30,53,7,0
2,3,57,14,6,13,0,1,0,40,11,80,2,0
6,5,17,5,1,12,4,4,0,0,36,28,21,0
6,2,17,0,3,6,5,1,0,94,25,17,30,0
0,0,0,5,6,7,2,0,0,41,9,97,22,0
7,4,64,11,5,9,5,1,0,40,20,89,20,0
8,5,6,4,5,7,1,0,0,16,9,6,15,0
5,0,56,11,3,4,0,1,0,85,32,3,16,0
0,7,30,0,1,11,3,0,0,96,29,23,39,0
9,6,9,12,2,4,5,0,0,78,34,21,5,0
0,3,18,11,1,10,2,0,0,21,38,56,15,0
5,0,53,7,0,12,2,3,0,66,34,35,22,0
8,3,5,10,1,8,3,2,0,85,29,28,36,0
6,7,63,1,2,10,0,1,0,90,15,33,16,0
4,3,55,0,3,5,5,1,0,87,7,87,27,0
3,5,56,8,2,11,5,4,0,42,36,20,27,0
7,0,49,11,3,5,2,3,0,10,12,51,25,0
1,5,39,13,2,8,1,2,0,33,39,11,17,0
2,4,15,6,2,1,1,0,0,21,6,69,5,0
2,4,31,9,2,6,0,2,0,31,24,76,33,0
9,0,64,12,5,3,2,2,0,86,32,43,21,0
2,1,63,10,5,9,1,4,0,72,10,62,14,0
4,1,42,1,6,2,2,0,0,69,32,70,12,0
4,2,44,3,2,0,2,0,0,53,8,15,14,0
9,2,41,0,3,10,0,0,0,75,37,20,1,0
5,7,4,1,5,10,3,2,0,15,2,94,37,0
6,1,68,15,6,9,2,3,0,46,34,50,8,0
3,0,50,13,1,9,1,1,0,5,24,91,6,0
6,5,11,1,6,4,5,0,0,34,38,40,32,0
5,5,53,5,5,4,4,1,0,99,11,50,1,0
6,3,5,5,1,4,2,1,0,91,15,93,35,0
4,3,12,3,4,12,2,3,0,51,37,24,8,0
4,7,42,12,3,0,3,3,0,83,16,33,14,0
7,6,10,11,4,7,1,3,0,82,24,0,15,0
6,4,23,9,1,13,3,0,0,1,18,93,27,0
0,3,42,12,2,2,0,1,0,71,14,33,26,0
9,2,42,11,5,3,2,2,0,89,29,24,7,0
5,4,55,4,2,8,2,2,0,80,2,41,11,0
0,5,52,2,3,8,1,4,0,27,26,47,4,0
7,7,18,9,3,4,2,3,0,36,36,19,18,0
4,6,0,12,1,9,0,0,0,1,30,76,17,0
7,5,28,8,1,3,4,3,0,9,10,6,34,0
9,4,63,9,1,12,3,4,0,43,20,83,23,0
7,7,12,2,0,6,3,4,0,89,16,91,29,0
5,7,60,10,6,10,4,0,0,98,37,40,27,0
1,1,60,15,6,2,5,0,0,8,33,20,28,0
1,3,64,1,4,7,1,0,0,83,15,30,37,0
5,2,67,4,2,0,3,4,0,28,35,52,28,0
3,3,3,8,4,11,5,1,0,60,25,62,17,0
2,0,10,2,3,11,5,2,0,24,22,10,28,0
7,0,9,7,5,6,4,0,0,39,39,81,14,0
8,2,15,0,2,5,4,2,0,7,18,48,6,0
4,4,10,14,6,6,5,4,0,77,17,71,2,0
9,7,61,7,3,5,3,3,0,92,24,70,32,0
0,7,53,10,5,10,4,2,0,74,27,57,38,0
8,6,51,12,3,13,4,4,0,64,25,38,15,0
7,1,53,3,6,10,4,3,0,51,20,58,9,0
7,6,10,9,2,0,5,1,0,31,38,68,12,0
9,5,46,15,2,5,1,0,0,75,35,44,32,0
7,2,16,6,5,0,2,1,0,59,25,53,37,0
7,5,59,9,1,9,3,1,0,70,28,97,39,0
6,6,61,12,5,12,5,0,0,18,1,39,21,0
1,2,3,4,5,1,1,4,0,24,5,65,31,0
2,0,63,4,4,12,2,3,0,66,35,49,14,0
7,7,21,9,3,9,1,4,0,38,9,45,34,0
9,7,23,8,4,2,2,4,0,53,0,76,12,0
5,6,49,12,5,8,0,3,0,12,25,27,30,0
5,3,24,15,4,7,4,4,0,63,32,93,7,0
2,0,9,12,0,4,3,4,0,87,20,8,22,0
2,3,10,6,4,4,3,0,0,60,8,13,31,0
8,7,35,0,1,10,3,4,0,78,37,98,6,0
6,0,47,9,3,8,3,4,0,25,32,77,36,0
6,1,0,8,0,12,4,4,0,20,20,50,2,0
4,5,37,8,3,0,5,1,0,1,5,58,22,0
6,1,17,12,1,1,2,2,0,74,20,44,1,0
7,2,64,10,3,10,0,0,0,36,7,44,11,0
5,2,11,13,4,0,5,4,0,98,20,1,36,0
0,2,24,1,6,1,4,4,0,41,35,51,38,0
7,7,4,4,1,12,4,3,0,42,13,77,27,0
6,4,5,1,6,6,1,1,0,32,11,53,25,0
0,3,34,4,0,5,1,4,0,7,6,39,8,0
6,3,0,12,1,8,3,0,0,90,27,88,23,0
4,7,23,3,0,11,0,2,0,69,24,19,32,0
5,3,0,14,6,3,1,3,0,46,12,80,28,0
0,7,3,7,0,6,0,2,0,6,8,45,0,0
8,6,62,7,0,10,1,4,0,7,19,27,30,0
4,2,42,4,5,13,2,3,0,59,16,69,5,0
3,6,60,12,5,0,2,0,0,52,34,75,30,0
8,1,2,13,1,11,0,1,0,36,15,34,39,0
2,0,57,1,3,9,0,0,0,56,19,8,37,0
7,6,51,12,5,5,2,3,0,15,10,77,31,0
5,1,28,3,4,9,1,4,0,39,20,43,13,0
2,6,21,12,0,12,4,0,0,63,28,62,10,0
4,6,63,14,3,13,4,4,0,49,7,61,15,0
3,0,64,9,0,13,3,0,0,36,30,43,8,0
5,5,67,3,0,13,0,3,0,31,11,97,11,0
8,1,2,15,4,8,1,3,0,14,39,20,12,0
3,6,14,10,0,13,2,2,0,21,26,13,37,0
3,7,39,0,4,11,1,0,0,32,6,18,38,0
4,4,27,2,1,6,5,3,0,93,19,17,5,0
3,4,12,3,6,12,0,4,0,28,21,18,0,0
9,1,61,11,0,0,2,1,0,46,25,11,18,0
8,0,17,9,6,3,3,4,0,47,10,54,15,0
6,0,16,7,0,13,5,2,0,62,29,4,15,0
5,6,9,7,2,12,2,2,0,82,38,4,28,0
3,3,6,3,1,8,0,2,0,40,27,53,39,0
2,0,64,3,0,9,0,2,0,1,22,46,37,0
9,1,0,15,4,12,3,4,0,79,31,19,34,0
0,2,14,10,4,13,2,1,0,36,24,15,31,0
4,3,32,7,2,11,0,2,0,34,27,68,24,0
8,2,49,4,2,8,0,4,0,24,3,99,17,0
3,4,17,7,5,9,1,0,0,51,24,65,32,0
7,1,65,9,6,3,3,2,0,88,0,75,3,0
5,0,5,9,4,3,2,1,0,81,12,55,4,0
9,5,16,12,6,4,4,4,1,16,4,54,20,0
3,7,27,11,5,11,0,0,1,26,23,2,24,0
3,1,24,13,3,0,1,1,1,43,36,81,25,0
8,7,52,1,4,3,0,2,1,26,13,36,30,0
2,3,25,9,0,5,2,3,1,24,1,92,17,0
2,4,69,15,4,6,2,0,1,47,13,87,32,0
8,2,16,5,1,3,5,3,1,47,4,92,13,0
6,3,45,0,5,12,0,3,1,73,2,20,25,0
9,4,29,8,0,7,0,1,1,98,23,12,14,0
7,7,10,1,1,7,3,4,1,3,26,26,14,0
4,1,50,12,4,4,0,4,1,23,25,44,25,0
9,3,38,5,6,4,0,0,1,62,38,53,19,0
1,2,8,3,2,7,4,4,1,53,13,3,25,0
1,0,47,9,1,5,1,4,1,59,27,2,27,0
3,2,66,6,1,6,1,1,1,94,6,13,14,0
0,0,42,5,2,11,1,1,1,64,32,49,15,0
1,3,27,6,0,13,1,2,1,38,9,53,29,0
8,1,31,11,1,6,1,1,1,68,33,83,32,0
2,5,52,6,2,5,1,2,1,67,17,59,18,0
5,0,64,5,6,3,3,3,1,23,34,0,23,0
3,2,52,13,2,3,1,2,1,27,32,97,17,0
6,0,32,1,0,2,0,4,1,53,38,39,17,0
3,6,8,10,0,1,4,3,1,23,26,46,1,0
8,6,36,7,6,9,1,4,1,79,32,59,37,0
1,3,21,4,1,10,0,1,1,33,33,61,14,0
6,4,3,11,5,1,0,4,1,10,10,83,5,0
9,1,10,1,2,10,3,3,1,0,4,93,26,0
2,0,8,12,1,4,4,4,1,15,32,56,7,0
7,2,15,7,1,6,2,4,1,25,11,92,34,0
4,0,17,3,3,7,5,4,1,9,7,88,35,0
4,3,37,2,5,1,0,4,1,62,12,26,9,0
9,3,27,1,3,11,5,0,1,36,12,34,30,0
8,5,9,4,1,11,5,1,1,32,5,92,14,0
4,0,67,7,3,5,0,2,1,56,26,66,29,0
1,7,56,12,2,2,0,3,1,80,30,6,8,0
0,0,26,8,3,12,1,4,1,76,29,39,15,0
0,3,69,8,3,6,5,0,1,7,14,31,37,0
7,5,48,0,6,4,0,2,1,1,38,20,1,0
2,5,8,1,1,7,2,0,1,16,13,8,19,0
8,7,19,8,5,7,0,0,1,17,32,33,28,0
5,2,18,8,1,0,4,0,1,34,29,68,23,0
2,3,49,1,3,8,3,4,1,94,38,22,18,0
6,6,15,11,3,0,4,1,1,45,36,16,39,0
2,4,21,4,0,7,3,4,1,42,5,23,21,0
9,4,41,11,4,4,0,0,1,28,13,15,14,0
1,4,37,2,6,5,4,4,1,57,21,5,8,0
4,0,42,14,3,4,1,3,1,20,15,1,4,0
5,3,66,14,6,1,5,1,1,78,3,34,37,0
5,2,58,13,1,8,1,3,1,29,25,37,26,0
2,5,62,8,6,4,4,3,1,34,32,73,9,0
7,5,10,10,3,8,2,3,1,56,6,32,5,0
1,7,46,0,4,3,5,2,1,67,0,60,8,0
2,6,47,13,1,9,0,2,1,65,32,8,38,0
5,2,61,11,1,10,1,3,1,26,39,77,24,0
8,6,59,1,5,3,3,3,1,31,26,44,32,0
3,2,3,9,4,3,3,1,1,78,11,40,36,0
9,4,17,0,1,7,0,2,1,9,8,36,35,0
4,2,62,11,3,5,1,2,1,29,5,12,25,0
3,1,2,14,2,11,4,0,1,94,30,40,28,0
8,4,66,5,0,11,1,0,1,85,35,32,33,0
9,1,45,5,1,13,1,3,1,23,31,74,27,0
3,2,6,9,3,3,4,1,1,76,37,62,13,0
4,1,53,3,1,9,1,2,1,94,2,24,16,0
9,5,50,2,3,9,2,2,1,66,39,32,36,0
8,6,39,11,4,2,0,1,1,23,35,74,6,0
6,0,5,6,3,2,0,3,1,55,9,73,16,0
8,0,9,7,6,3,2,4,1,8,7,78,18,0
8,2,69,0,3,3,1,0,1,46,30,48,30,0
1,5,30,5,4,5,4,0,1,44,29,1,0,0
1,0,56,5,0,8,4,4,1,59,5,4,37,0
0,5,31,6,3,13,1,0,1,12,5,67,12,0
7,7,65,13,4,8,0,4,1,52,1,43,20,0
4,2,45,10,6,12,4,3,1,45,9,96,11,0
9,1,57,14,1,1,0,0,1,6,34,85,18,0
6,3,11,6,3,8,5,4,1,62,6,36,20,0
3,3,37,12,3,0,2,1,1,77,10,58,34,0
7,1,20,6,2,6,1,3,1,55,31,76,2,0
8,4,63,6,5,0,1,3,1,6,37,1,6,0
9,6,39,10,0,10,3,0,1,79,36,10,23,0
8,1,31,14,1,0,5,3,1,16,39,84,15,0
4,0,42,5,4,3,0,0,1,89,0,0,32,0
9,4,12,7,3,9,5,2,1,21,36,13,17,0
6,5,5,4,1,7,5,1,1,73,11,51,13,0
6,6,52,7,5,12,5,2,1,64,33,66,1,0
4,3,38,9,1,10,5,3,1,29,36,48,34,0
8,7,67,5,2,10,2,2,1,35,18,71,21,0
8,3,19,3,3,2,1,1,1,59,39,0,28,0
5,3,19,11,0,3,1,0,1,98,38,78,34,0
0,3,55,0,4,12,1,0,1,61,19,90,4,0
8,5,37,4,1,8,4,3,1,68,21,0,25,0
1,6,49,13,4,13,2,2,1,16,14,42,25,0
6,3,51,7,5,9,4,2,1,75,21,46,3,0
1,4,54,13,5,7,1,2,1,52,28,2,30,0
0,3,63,10,6,12,5,0,1,24,32,49,28,0
4,7,13,5,5,12,1,4,1,99,8,38,18,0
1,5,37,1,0,3,1,3,1,43,25,98,18,0
0,1,40,1,2,8,0,0,1,32,36,80,5,0
6,7,37,6,3,11,3,1,1,28,14,1,21,0
9,6,42,7,0,7,3,4,1,55,36,53,7,0
3,1,5,7,4,9,4,1,1,10,14,45,8,0
1,2,28,9,0,9,3,3,1,41,12,21,5,0
3,7,6,13,4,10,3,1,1,31,14,27,3,0
3,4,0,8,0,7,2,0,1,7,23,56,21,0
8,4,6,0,0,2,5,1,1,16,7,80,17,0
0,3,15,9,3,7,4,1,1,52,16,48,26,0
6,2,5,15,2,4,1,2,1,61,27,80,22,0
7,7,13,5,5,10,4,2,1,6,21,59,36,0
6,6,10,2,0,9,2,1,1,80,16,71,11,0
7,6,55,0,4,8,1,0,1,32,9,94,35,0
9,1,31,7,0,11,3,4,1,52,15,91,27,0
0,3,8,1,1,5,0,3,1,54,25,70,7,0
7,4,15,3,4,1,2,3,1,70,17,60,22,0
5,6,28,2,1,1,5,4,1,84,14,69,12,0
6,2,47,13,2,8,4,0,1,60,22,90,38,0
4,2,16,9,2,8,0,4,1,99,29,42,0,0
1,4,11,9,2,4,3,0,1,47,5,4,1,0
8,5,57,13,2,5,2,0,1,50,1,67,9,0
3,6,31,11,2,7,4,4,1,17,8,42,14,0
4,0,19,7,3,1,3,1,1,73,38,57,35,0
9,7,63,4,5,11,4,1,1,60,1,5,4,0
5,0,29,13,3,8,5,4,1,98,5,43,29,0
7,0,4,0,2,7,3,2,1,73,11,27,29,0
4,0,17,9,1,11,3,0,1,35,25,77,32,0
8,0,1,0,3,4,5,1,1,74,10,52,19,0
9,6,35,2,4,5,4,4,1,99,28,85,13,0
5,3,9,0,6,8,1,3,1,41,22,78,19,0
1,1,54,3,3,0,2,1,1,70,31,23,37,0
7,2,9,12,2,0,5,0,1,46,30,52,24,0
6,2,24,10,4,5,0,0,1,67,14,54,37,0
7,5,28,14,4,3,0,0,1,75,7,16,19,0
8,4,1,12,3,8,1,2,1,61,9,16,20,0
6,3,27,8,2,7,3,4,1,10,8,10,9,0
9,1,65,8,1,0,5,4,1,81,29,60,10,0
3,6,11,3,3,10,3,3,1,70,26,16,8,0
3,3,6,2,0,5,0,0,1,61,0,0,2,0
4,6,40,5,2,3,5,1,1,32,13,99,3,0
0,3,17,13,4,2,1,3,1,80,34,48,0,0
6,3,40,12,1,0,4,2,1,31,34,96,1,0
0,6,49,6,5,8,3,3,1,71,11,91,19,0
8,5,50,12,5,3,2,0,1,86,19,27,7,0
9,7,32,15,3,10,4,3,1,42,1,52,20,0
7,0,3,13,1,12,2,3,1,83,36,54,7,0
0,6,16,8,4,13,3,3,1,51,30,35,34,0
4,7,66,5,4,11,1,3,1,85,14,43,4,0
4,5,65,2,6,4,1,4,1,26,37,66,4,0
5,0,14,0,0,9,4,3,1,98,0,43,3,0
1,3,62,3,3,12,4,3,1,77,8,32,9,0
7,5,27,8,1,6,5,2,1,91,16,56,32,0
2,2,20,8,5,0,5,0,1,40,28,19,36,0
6,6,42,9,5,0,5,2,1,63,2,18,5,0
9,0,35,8,4,8,4,0,1,32,39,30,27,0
7,6,63,12,3,5,3,2,1,36,9,19,2,0
7,1,58,2,3,0,0,2,1,16,11,84,19,0
6,2,11,0,1,5,3,3,1,3,31,92,27,0
6,0,54,2,1,3,2,2,1,41,33,49,36,0
5,3,7,14,1,10,2,3,1,17,35,85,7,0
0,5,51,1,1,13,1,3,1,65,7,19,6,0
2,3,20,5,3,12,0,0,1,52,0,68,31,0
6,2,14,13,4,1,5,0,1,67,35,5,6,0
3,3,10,12,6,11,3,4,1,68,30,5,1,0
4,3,54,11,0,9,1,3,1,73,0,15,0,0
4,7,44,5,5,3,3,2,1,70,36,29,18,0
2,0,42,13,5,12,2,3,1,6,0,37,22,0
4,7,2,1,6,3,2,3,1,19,2,28,11,0
3,7,53,9,3,10,1,4,1,29,23,91,24,0
2,1,69,7,4,10,3,3,1,92,5,7,25,0
8,0,40,5,6,9,2,0,1,11,3,51,6,0
5,4,38,13,1,9,5,1,1,20,28,71,18,0
3,2,10,2,6,3,5,0,1,27,33,55,33,0
3,1,2,9,4,1,1,3,1,94,0,63,39,0
2,6,53,11,2,1,5,3,1,2,14,2,10,0
1,3,53,9,5,0,2,2,1,20,32,50,39,0
9,5,35,1,4,4,2,1,1,66,5,4,18,0
5,7,49,5,6,5,5,3,1,55,34,44,25,0
5,4,53,0,6,10,3,4,1,25,21,7,31,0
4,7,47,14,1,10,4,2,1,61,7,32,3,0
8,0,56,0,1,6,5,4,1,3,36,52,4,0
4,7,47,0,6,9,3,1,1,8,19,66,20,0
0,2,1,8,0,11,3,4,1,33,18,15,1,0
0,5,50,7,4,1,5,1,1,81,16,56,6,0
2,5,6,0,5,3,0,2,1,67,4,92,10,0
0,4,44,7,5,7,0,0,1,44,28,76,20,0
9,2,34,6,1,10,5,3,1,81,8,48,15,0
5,2,61,9,2,1,5,4,1,51,4,81,4,0
5,4,34,6,1,5,5,4,1,89,17,1,3,0
1,2,14,5,0,3,2,1,1,93,30,28,2,0
4,7,42,2,2,8,2,0,1,27,4,63,15,0
8,7,60,0,5,8,5,0,1,41,29,96,38,0
2,1,49,2,4,2,1,1,1,81,11,96,21,0
8,1,43,4,3,4,3,4,1,45,34,49,22,0
0,5,18,3,5,4,2,3,1,83,32,9,14,0
2,6,17,1,1,1,0,2,1,50,38,26,3,0
3,5,43,15,5,13,0,2,1,47,34,10,0,0
5,5,57,14,3,5,3,0,1,70,30,38,37,0
7,2,67,6,3,11,0,0,1,41,4,85,32,0
9,4,33,5,0,13,2,2,1,62,0,1,36,0
2,0,22,9,2,10,1,2,1,13,1,23,33,0
9,0,9,0,4,0,0,0,1,14,37,22,10,0
2,3,32,13,6,10,0,0,1,92,17,46,6,0
3,5,29,5,2,5,5,1,1,38,12,68,13,0
6,1,62,10,4,9,1,4,1,1,7,25,24,0
3,3,51,8,3,1,1,1,1,82,11,11,1,0
9,7,53,5,0,0,4,1,1,5,15,11,12,0
9,7,25,12,1,13,5,4,1,79,32,55,5,0
9,6,58,10,2,7,0,1,1,61,30,40,23,0
0,6,21,9,4,12,5,3,1,77,24,83,15,0
3,1,45,15,1,10,3,4,1,77,33,23,26,0
0,3,46,13,2,9,3,1,1,7,17,99,36,0
2,3,19,0,3,10,1,3,1,60,38,56,8,0
6,3,38,12,6,13,2,2,1,50,20,71,16,0
5,3,55,10,0,0,3,1,1,47,27,63,20,0
9,4,49,6,5,10,0,4,1,78,31,63,1,0
6,4,6,3,2,9,4,2,1,34,6,40,7,0
3,7,13,12,4,10,1,1,1,36,21,24,11,0
6,5,16,11,3,10,4,2,1,25,6,50,12,0
5,0,51,8,2,9,2,0,1,44,14,10,25,0
8,7,24,8,1,6,1,4,1,8,18,1,24,0
2,5,12,5,2,8,5,4,1,8,37,28,31,0
2,3,20,10,1,3,5,0,1,68,15,9,19,0
3,1,25,12,3,0,3,0,1,91,13,88,4,0
3,2,31,8,6,0,0,1,1,41,13,50,20,0
4,0,44,14,2,4,2,0,1,49,6,1,33,0
1,0,40,7,0,0,0,2,1,96,38,85,0,0
5,4,19,11,1,12,5,4,1,30,21,32,10,0
6,7,65,2,0,8,4,2,1,29,14,4,9,0
3,2,13,14,6,5,3,0,1,76,34,60,24,0
9,5,40,2,6,9,1,0,1,23,4,27,2,0
0,3,24,6,5,6,4,0,1,80,35,67,24,0
6,5,48,9,0,7,2,1,1,5,33,49,15,0
8,5,23,4,0,11,4,4,1,23,22,38,19,0
5,0,14,2,4,10,3,3,1,33,8,92,24,0
2,1,58,12,6,2,0,2,1,59,24,33,14,0
6,7,15,10,6,13,2,4,1,46,7,74,27,0
6,5,27,9,3,5,2,1,1,22,7,22,34,0
2,5,11,12,0,7,2,4,1,31,32,21,32,0
2,6,19,15,0,9,3,2,1,23,17,93,7,0
5,7,35,8,1,3,2,1,1,15,33,28,17,0
3,5,17,3,1,6,3,2,1,97,8,47,2,0
0,5,7,14,4,7,5,3,1,58,35,13,28,0
0,1,57,4,6,11,4,4,1,2,29,17,1,0
4,5,65,7,1,1,3,1,1,60,36,48,9,0
9,5,69,9,0,4,1,3,1,47,35,14,5,0
0,0,50,0,1,9,5,0,1,45,22,23,16,0
7,3,51,10,3,10,2,4,1,40,33,92,12,0
1,0,46,5,3,9,2,4,1,78,18,50,20,0
5,2,11,11,3,0,5,1,1,91,28,89,23,0
3,4,43,10,0,3,3,3,1,48,22,30,11,0
9,2,36,5,5,6,5,4,1,75,10,56,0,0
1,7,6,6,0,12,0,0,1,8,25,9,9,0
3,2,6,2,6,8,2,0,1,20,34,69,12,0
4,6,13,0,5,4,2,1,1,61,30,78,19,0
6,3,52,14,0,10,3,1,1,65,6,83,16,0
0,0,48,8,5,6,5,0,1,76,13,82,2,0
7,4,50,10,4,6,3,0,1,0,22,20,6,0
7,3,7,15,4,8,2,1,1,23,16,48,19,0
2,3,62,7,2,0,2,3,1,72,32,49,29,0
6,6,62,4,2,9,2,3,1,13,37,25,31,0
1,0,67,12,2,8,5,2,1,91,4,49,21,0
2,4,10,0,3,0,1,0,1,1,39,89,3,0
3,7,49,7,0,5,3,3,1,44,15,87,10,0
2,5,27,15,5,6,3,3,1,3,30,77,15,0
4,1,20,0,1,10,4,1,1,76,4,88,4,0
5,2,68,0,1,4,0,1,1,97,6,66,32,0
9,6,56,9,0,8,2,2,1,78,6,80,37,0
8,6,7,13,4,4,2,0,1,26,15,68,34,0
7,4,63,11,4,0,5,1,1,63,29,61,28,0
6,3,49,4,2,7,3,1,1,15,4,31,21,0
8,1,29,1,0,0,4,4,1,90,21,42,31,0
5,6,2,13,0,5,3,2,1,85,17,98,3,0
7,1,49,13,0,9,1,3,1,52,37,37,35,0
0,4,41,4,2,7,3,2,1,24,18,87,14,0
2,7,40,13,5,8,5,0,1,31,33,14,30,0
4,1,60,13,0,10,5,0,1,0,1,70,33,0
3,6,46,1,2,0,5,1,1,79,32,88,6,0
1,0,41,13,3,1,0,0,1,81,8,14,4,0
0,7,24,9,2,2,5,3,1,31,28,76,16,0
5,7,38,2,4,6,0,2,1,85,38,7,26,0
2,1,55,15,4,4,0,0,1,4,23,29,19,0
7,2,52,1,2,6,3,4,1,5,32,83,38,0
5,0,28,1,1,2,2,2,1,35,16,79,12,0
1,1,30,1,4,2,0,4,1,31,3,24,21,0
1,2,51,14,1,6,3,3,1,87,35,40,36,0
6,7,15,8,6,10,4,4,1,68,19,52,1,0
2,5,69,3,0,3,0,3,1,57,7,85,4,0
3,0,54,11,6,8,4,3,1,36,34,63,3,0
2,6,22,13,2,1,4,1,1,38,33,87,30,0
4,7,25,7,6,7,1,2,1,6,5,17,4,0
0,6,9,6,2,2,2,1,1,13,38,41,12,0
5,4,2,3,4,11,0,0,1,31,2,22,21,0
4,2,26,13,2,12,0,4,1,30,21,16,27,0
8,0,43,3,0,0,1,3,1,0,12,34,4,0
6,7,34,7,6,1,1,3,1,32,9,13,34,0
2,1,46,2,0,9,1,2,1,50,28,42,9,0
3,1,51,15,0,4,5,4,1,99,12,24,24,0
2,1,8,7,6,5,1,4,1,17,16,68,21,0
5,2,6,8,2,12,4,0,1,29,32,89,27,0
1,4,31,2,6,7,4,0,1,3,14,90,12,0
6,0,61,10,5,13,5,4,1,54,38,87,39,0
9,1,46,6,4,5,3,1,1,70,33,50,9,0
5,2,1,9,4,0,4,3,1,31,30,28,6,0
3,5,53,14,2,6,1,3,1,84,15,21,35,0
8,5,47,2,6,5,1,4,1,74,7,13,9,0
5,5,34,14,5,6,5,1,1,43,30,81,22,0
5,1,65,3,1,8,2,2,1,68,18,98,22,0
6,0,34,4,2,3,2,4,1,54,30,9,3,0
0,1,57,8,0,9,0,0,1,49,32,88,26,0
6,2,7,8,0,12,3,4,1,76,23,50,28,0
7,4,30,14,2,7,2,3,1,26,20,87,6,0
3,2,36,8,1,1,5,4,1,90,19,27,19,0
8,6,17,7,0,1,3,1,1,79,0,60,29,0
1,0,21,10,1,6,2,2,1,49,25,39,21,0
5,2,69,4,2,8,0,2,1,99,6,72,26,0
1,1,30,12,3,6,3,3,1,78,8,77,16,0
8,2,60,13,4,3,3,0,1,74,19,37,35,0
4,5,51,14,4,0,1,4,1,65,21,11,9,0
5,2,33,2,2,8,2,0,1,43,32,8,0,0
8,0,61,2,5,12,2,0,1,38,32,86,28,0
2,2,8,0,6,1,0,3,1,32,24,26,4,0
5,6,45,1,5,6,5,1,1,95,12,16,2,0
7,4,60,9,6,4,2,4,1,79,1,11,32,0
0,5,17,13,6,1,4,3,1,99,19,15,2,0
3,2,49,5,2,6,2,2,1,80,19,56,28,0
1,2,40,13,6,5,0,3,1,35,15,7,36,0
6,5,43,14,1,1,5,3,1,42,17,1,35,0
0,7,4,12,4,4,3,3,1,20,25,21,21,0
4,5,18,9,6,6,0,2,1,61,5,37,30,0
0,6,25,5,5,2,4,2,1,16,34,74,14,0
9,5,36,14,3,6,2,4,1,26,1,28,21,0
8,4,46,9,2,8,1,0,1,25,12,37,17,0
3,5,25,3,6,5,3,4,1,19,22,45,36,0
8,5,67,3,2,2,0,2,1,47,3,6,39,0
9,0,22,9,4,12,5,3,1,15,35,80,0,0
3,4,50,14,2,4,4,1,1,24,12,91,22,0
1,6,23,9,1,8,3,3,1,27,17,90,25,0
4,3,13,12,1,13,1,0,1,83,21,50,12,0
8,1,44,4,4,1,4,3,1,69,0,55,6,0
8,6,51,12,2,3,5,2,1,21,12,57,12,0
9,0,3,10,5,8,2,1,1,98,19,51,36,0
3,6,27,12,0,1,5,3,1,64,31,16,21,0
6,3,21,0,2,6,2,1,1,48,28,53,2,0
6,3,13,10,0,9,3,1,1,67,14,87,17,0
0,1,63,11,2,8,5,3,1,54,0,14,7,0
2,0,52,1,2,12,1,1,1,53,7,18,20,0
1,1,19,3,5,3,0,3,1,81,3,41,6,0
4,5,10,0,6,3,1,1,1,2,17,38,22,0
6,1,29,11,2,4,1,3,1,93,17,45,24,0
5,7,60,4,0,9,2,0,1,38,20,83,27,0
4,7,68,3,3,6,5,3,1,38,21,37,24,0
2,7,17,3,6,8,3,3,1,49,14,75,21,0
2,5,14,5,3,12,2,2,1,55,22,35,2,0
8,2,12,2,6,13,0,0,1,65,12,60,3,0
4,7,21,13,1,9,4,0,1,91,8,8,38,0
1,4,50,6,0,3,0,2,1,58,37,93,18,0
2,2,69,6,0,1,0,3,1,16,39,88,0,0
8,7,23,3,6,8,3,3,1,97,37,73,22,0
5,1,36,9,6,9,3,1,1,27,19,94,37,0
3,3,45,10,2,12,0,4,1,1,10,14,9,0
2,6,7,3,5,4,0,1,1,80,32,42,21,0
2,3,44,0,1,1,2,1,1,45,18,75,15,0
1,4,65,6,6,7,5,3,1,74,3,90,4,0
5,2,36,12,3,11,0,2,1,17,8,66,36,0
3,7,3,14,0,11,5,2,1,15,34,72,37,0
4,3,19,4,3,4,4,2,1,76,11,22,34,0
9,7,56,8,1,1,1,3,1,91,16,75,1,0
5,3,26,1,0,4,5,0,1,34,18,30,30,0
0,2,42,13,2,8,2,4,1,12,37,37,10,0
3,4,14,14,5,4,4,2,1,87,36,16,13,0
8,0,9,15,6,9,3,0,1,63,17,99,15,0
8,3,44,11,2,11,2,4,1,31,19,39,18,0
4,6,19,8,2,1,4,3,1,36,1,58,26,0
8,0,28,13,4,11,3,1,1,26,36,24,12,0
6,1,33,1,2,0,1,1,1,97,39,55,38,0
2,2,42,4,3,4,0,4,1,48,14,38,8,0
7,1,8,6,3,8,5,3,1,27,12,24,34,0
3,6,3,9,0,3,1,3,1,49,33,55,25,0
9,3,33,1,6,2,5,1,1,63,19,96,15,0
2,5,5,5,1,7,2,4,1,11,28,95,17,0
8,0,68,7,4,8,0,4,1,9,33,1,33,0
4,7,37,14,5,6,4,1,1,19,29,99,12,0
8,5,25,0,3,2,0,0,1,53,25,17,4,0
2,6,67,8,4,10,1,4,1,3,12,34,11,0
8,1,68,14,1,8,0,2,1,28,22,12,8,0
3,6,54,1,1,11,5,0,1,53,21,47,28,0
9,2,43,1,2,7,4,4,1,58,14,44,28,0
5,5,36,13,1,11,1,2,1,33,3,5,25,0
6,6,12,12,6,10,5,2,1,78,16,60,31,0
7,2,10,14,2,13,3,4,1,27,30,3,35,0
1,5,31,10,6,12,5,2,1,95,20,62,31,0
9,3,55,9,4,8,2,1,1,53,38,94,4,0
8,7,6,0,3,10,5,4,1,79,7,72,7,0
4,2,66,3,0,3,3,2,1,29,2,10,34,0
1,3,68,4,6,2,5,4,1,66,14,59,23,0
6,1,28,5,2,11,2,4,1,21,36,25,31,0
3,5,38,8,1,2,2,4,1,72,38,26,4,0
5,7,17,14,1,11,5,2,1,12,1,32,27,0
3,6,21,9,2,12,4,1,1,14,12,13,37,0
7,6,22,2,6,0,5,0,1,40,12,22,1,0
5,1,3,1,0,10,2,1,1,32,5,45,11,0
6,0,5,15,3,1,0,3,1,91,16,12,13,0
2,4,20,7,3,12,1,1,1,54,2,82,32,0
0,6,62,3,3,0,0,3,1,24,34,20,4,0
5,1,36,12,0,11,4,3,1,35,17,29,4,0
0,6,4,8,6,4,0,3,1,43,32,24,26,0
3,6,6,15,0,12,5,0,1,68,0,85,15,0
0,4,27,12,0,9,3,2,1,28,14,62,7,0
4,3,40,3,6,3,4,4,1,38,17,90,4,0
3,2,58,2,5,2,4,0,1,19,33,3,8,0
6,4,18,9,6,4,2,1,1,56,14,14,35,0
0,3,36,6,3,0,2,4,1,65,17,23,0,0
9,3,55,7,0,11,2,4,1,89,34,94,28,0
7,1,0,2,1,7,3,3,1,98,31,37,21,0
4,7,50,11,1,8,1,1,1,93,12,83,30,0
6,3,40,4,6,4,2,2,1,39,29,42,28,0
4,0,16,1,4,6,4,3,1,89,28,97,11,0
7,6,32,7,3,7,5,0,1,23,1,30,19,0
8,4,9,12,3,10,4,1,1,46,10,20,8,0
6,7,33,14,5,6,3,2,1,82,5,30,7,0
2,1,7,8,4,5,4,1,1,78,0,63,23,0
7,3,57,8,5,11,0,3,1,58,2,77,6,0
5,6,11,11,4,11,5,2,1,54,37,94,15,0
2,6,60,6,4,6,5,3,1,56,29,35,34,0
2,0,16,10,2,11,3,3,1,35,16,26,23,0
0,6,3,9,2,6,1,3,1,17,25,64,23,0
5,1,50,1,6,1,3,0,1,44,28,83,16,0
3,3,34,5,5,1,4,1,1,46,4,40,29,0
4,4,7,7,3,10,5,2,1,23,1,19,16,0
8,6,38,7,2,3,2,1,1,36,17,89,21,0
6,0,58,13,2,0,4,4,1,44,32,77,24,0
3,0,51,5,0,10,5,2,1,97,8,46,30,0
3,4,13,0,3,0,0,2,1,54,25,8,5,0
9,5,50,10,5,1,0,4,1,84,28,56,17,0
9,4,12,7,6,7,3,0,1,64,30,23,29,0
8,2,50,13,3,6,3,0,1,48,37,25,2,0
6,1,43,14,0,9,1,2,1,75,13,81,21,0
1,0,5,8,5,2,1,2,1,48,32,11,1,0
2,5,4,0,6,9,2,4,1,46,7,21,38,0
6,1,59,13,4,11,3,0,1,56,19,38,30,0
4,2,37,10,4,10,2,1,1,37,16,26,30,0
6,3,22,9,0,1,0,3,1,60,17,86,35,0
1,7,30,6,3,13,0,1,1,62,3,55,31,0
4,3,53,6,3,9,4,1,1,36,0,70,19,0
5,0,42,13,0,0,3,2,1,61,24,18,26,0
5,1,12,13,3,1,2,2,1,66,26,52,12,0
4,6,49,3,3,4,4,1,1,28,19,32,21,0
3,0,35,5,2,6,3,3,1,28,13,67,32,0
3,4,18,7,1,4,3,4,1,11,14,79,7,0
1,3,27,1,6,9,5,1,1,0,33,14,1,0
1,4,8,5,5,10,5,2,1,48,15,62,17,0
1,5,14,13,5,1,3,4,1,51,25,43,21,0
8,6,59,10,4,3,0,2,1,19,33,55,37,0
4,6,26,9,2,11,1,0,1,52,3,29,11,0
7,3,55,8,5,5,4,0,1,72,6,75,7,0
6,6,35,5,4,9,0,0,1,36,33,61,25,0
7,7,32,10,2,7,2,4,1,37,7,55,1,0
9,6,24,15,3,1,0,4,1,89,12,36,13,0
6,7,17,0,2,3,5,4,1,45,37,77,27,0
9,7,57,12,6,13,0,2,1,85,10,64,2,0
9,6,15,0,1,0,5,1,1,33,29,46,36,0
6,3,32,6,2,12,4,4,1,55,7,96,7,0
5,7,49,12,3,8,0,3,1,98,23,66,24,0
5,3,8,13,2,5,1,4,1,79,30,57,37,0
2,4,7,15,0,3,3,3,1,63,32,79,26,0
0,3,23,4,3,0,5,0,1,38,28,79,9,0
2,2,65,8,4,9,5,3,1,87,10,11,21,0
6,5,60,4,6,13,3,2,1,84,8,80,1,0
0,5,16,11,5,4,4,4,1,31,3,54,39,0
2,6,20,9,4,7,4,2,1,76,24,47,27,0
9,2,19,6,6,1,4,3,1,17,3,41,26,0
0,1,2,8,1,4,4,0,1,96,8,29,15,0
6,5,38,1,1,2,0,0,1,11,1,2,38,0
2,1,69,2,1,12,0,2,1,70,3,75,11,0
7,4,67,12,2,9,0,2,1,60,17,83,15,0
2,6,47,10,0,0,5,3,1,2,26,79,24,0
6,4,4,0,4,7,3,3,1,23,12,91,26,0
9,3,24,12,2,8,4,4,1,85,10,41,33,0
5,2,12,11,3,3,3,4,1,0,0,64,39,0
8,0,41,0,4,6,5,1,1,51,37,74,31,0
7,4,26,0,2,13,3,4,1,50,6,94,2,0
8,2,49,1,5,10,1,3,1,16,25,9,21,0
9,6,68,8,5,11,1,2,1,42,12,14,35,0
8,1,43,0,2,11,2,1,1,47,13,57,34,0
7,1,19,14,0,7,2,0,1,6,14,92,28,0
3,5,46,9,4,4,4,0,1,21,29,32,38,0
3,1,22,1,3,10,2,1,1,55,33,28,29,0
8,6,14,10,0,1,3,0,1,24,1,11,16,0
5,2,12,11,6,2,5,0,1,74,0,63,33,0
7,2,16,15,4,5,3,2,1,62,29,58,11,0
1,1,66,8,0,11,5,3,1,53,26,3,5,0
8,2,13,6,1,11,3,3,1,73,3,85,1,0
8,5,26,6,4,8,5,3,1,26,18,68,37,0
5,5,25,2,2,1,1,3,1,21,10,31,20,0
9,4,53,9,5,13,4,1,1,4,28,11,38,0
2,3,33,9,5,0,2,3,1,94,3,0,35,0
8,6,66,11,4,6,1,4,1,17,14,93,29,0
4,3,43,0,5,12,3,2,1,32,17,49,33,0
1,7,27,6,0,6,3,4,1,92,12,72,24,0
6,1,59,3,0,12,1,2,1,24,8,81,26,0
4,4,6,9,2,9,0,1,1,67,14,89,10,0
6,5,22,1,1,2,5,3,1,49,19,10,27,0
9,0,30,0,6,2,5,1,1,66,26,77,20,0
9,3,10,0,4,12,0,1,1,90,9,29,35,0
1,6,29,4,5,10,4,1,1,84,25,39,27,0
9,7,32,14,3,13,1,2,1,80,15,25,1,0
4,6,43,12,4,7,3,1,1,35,11,8,36,0
0,1,18,0,6,6,5,0,1,60,30,94,36,0
7,6,32,5,2,11,4,0,1,63,34,67,32,0
6,6,57,5,3,0,4,0,1,43,22,46,37,0
0,3,46,7,6,1,1,0,1,35,22,6,10,0
8,1,57,0,1,4,5,4,1,77,35,46,14,0
7,0,4,1,6,0,1,4,1,4,22,61,32,0
6,2,10,13,1,10,4,4,1,51,29,0,34,0
8,3,11,5,3,5,0,1,1,48,27,33,25,0
2,6,64,7,3,2,4,2,1,21,1,44,25,0
2,5,0,1,2,5,3,0,1,17,7,98,11,0
6,1,25,9,6,13,0,0,1,45,37,70,1,0
1,2,25,8,6,8,4,3,1,40,30,77,21,0
8,2,45,5,3,1,2,0,1,25,22,25,23,0
1,7,51,8,1,5,3,2,1,42,16,91,38,0
7,5,11,12,4,0,0,1,1,31,1,1,37,0
0,2,55,14,2,13,2,0,1,6,4,54,2,0
4,5,32,8,1,12,4,1,1,72,23,23,15,0
5,6,35,11,5,5,4,2,1,94,28,60,38,0
0,7,1,9,6,11,3,2,1,26,6,77,32,0
0,1,61,6,2,5,1,1,1,22,11,98,31,0
2,7,42,8,1,3,0,1,1,12,1,96,4,0
2,6,39,15,2,9,0,1,1,40,18,63,12,0
5,6,35,4,1,6,2,0,1,77,37,29,34,0
5,5,24,1,3,2,1,4,1,41,8,60,16,0
1,0,66,7,1,0,4,3,1,24,6,84,20,0
0,1,45,1,6,1,4,2,1,50,20,26,21,0
2,1,26,11,3,8,3,3,1,97,22,75,28,0
2,4,26,7,3,10,3,1,1,75,35,83,36,0
1,1,62,9,3,0,1,3,1,94,30,38,11,0
5,3,38,8,0,3,4,1,1,50,31,57,0,0
6,6,50,14,4,5,3,0,1,23,14,60,27,0
5,2,4,15,5,6,1,0,1,49,38,32,2,0
3,0,53,11,5,2,2,2,1,91,4,76,30,0
6,2,49,4,1,12,4,1,1,63,2,34,16,0
1,0,48,8,5,10,4,1,1,16,32,29,2,0
3,7,2,4,4,6,3,0,1,92,37,57,33,0
1,7,55,9,6,7,4,0,1,97,19,5,31,0
1,0,60,15,0,11,0,0,1,12,21,13,21,0
1,3,23,0,0,3,4,1,1,37,26,84,0,0
5,6,13,9,4,5,3,0,1,56,19,68,0,0
3,7,39,1,3,5,4,4,1,20,7,10,38,0
5,2,65,2,5,13,0,4,1,91,35,69,23,0
7,5,54,4,3,3,0,4,1,15,18,77,5,0
9,3,30,6,5,0,1,0,1,11,17,25,7,0
4,4,39,6,4,1,5,1,1,31,1,22,24,0
9,3,14,5,6,2,5,1,1,85,19,42,2,0
8,3,39,4,0,10,5,2,1,63,31,18,31,0
6,1,41,8,3,4,2,2,1,22,3,92,27,0
8,5,17,14,0,13,2,1,1,18,30,68,12,0
1,5,60,10,3,0,3,0,1,68,33,56,16,0
5,3,21,4,0,11,1,3,1,10,22,47,36,0
0,2,29,3,6,1,2,2,1,61,33,18,8,0
3,2,11,8,6,12,1,3,1,92,32,81,24,0
2,5,4,4,3,0,3,2,1,54,35,51,5,0
5,3,7,12,0,13,5,0,1,10,9,16,19,0
4,1,67,4,6,10,1,2,1,13,16,62,8,0
9,3,4,1,1,5,5,0,1,72,36,61,35,0
8,3,18,15,0,13,2,2,1,1,23,86,38,0
1,5,10,7,2,5,4,3,1,22,25,73,15,0
2,3,6,3,6,1,5,0,1,42,20,51,30,0
4,7,25,8,5,13,5,2,1,78,12,22,10,0
8,3,60,14,4,10,0,1,1,88,1,35,15,0
1,7,56,2,1,2,5,4,1,16,33,68,36,0
3,5,63,14,1,5,4,4,1,9,4,77,2,0
4,6,1,7,2,0,5,0,1,29,38,46,10,0
9,1,37,0,0,13,1,1,1,22,33,25,7,0
7,1,7,11,4,2,0,1,1,83,35,75,22,0
9,3,55,15,6,7,1,0,1,31,33,75,3,0
9,7,54,12,6,13,1,3,1,46,26,1,33,0
2,2,38,5,6,7,4,2,1,98,39,21,35,0
1,5,35,7,6,6,1,0,1,93,3,91,39,0
5,7,16,13,2,12,3,2,1,23,33,98,18,0
3,1,29,13,1,13,5,4,1,1,16,80,4,0
7,1,3,11,0,8,0,4,1,67,32,77,35,0
4,1,4,10,3,3,3,3,1,86,5,85,24,0
7,4,53,15,1,5,5,3,1,98,35,16,2,0
9,0,68,2,4,13,5,0,1,82,28,94,34,0
7,5,19,14,5,1,2,3,1,9,5,16,33,0
9,1,62,11,1,3,0,0,1,60,13,95,11,0
9,1,26,15,4,9,3,3,1,34,21,15,21,0
3,3,35,7,4,6,0,1,1,12,10,23,15,0
4,1,20,14,0,12,5,3,1,68,0,63,23,0
9,6,45,8,0,4,3,1,1,17,8,48,6,0
9,7,28,5,0,2,2,3,1,5,31,66,39,0
3,6,16,15,0,5,5,1,1,10,37,39,24,0
3,1,40,3,4,9,5,2,1,24,13,34,8,0
5,6,53,5,6,3,5,0,1,92,37,14,34,0
5,3,53,9,4,4,3,3,1,33,21,8,33,0
3,3,15,1,1,2,0,0,1,46,4,28,10,0
6,7,35,12,6,2,5,2,1,34,31,82,19,0
8,2,19,10,5,10,1,0,1,80,23,12,8,0
1,3,49,11,0,0,0,2,1,17,36,16,28,0
5,6,40,14,4,13,1,0,1,62,7,0,3,0
1,1,26,3,0,8,1,0,1,31,3,54,25,0
7,1,2,2,6,9,4,2,1,77,18,90,21,0
1,1,27,14,0,5,0,0,1,54,2,20,39,0
4,3,53,13,2,13,1,1,1,81,16,88,24,0
2,2,38,9,1,11,0,4,1,68,23,72,34,0
0,6,41,4,3,11,3,2,1,91,21,82,35,0
7,5,2,1,2,7,0,4,1,10,38,0,8,0
9,2,0,2,1,11,3,0,1,77,26,3,10,0
1,0,8,4,0,5,0,2,1,43,32,61,36,0
9,6,2,2,1,0,3,3,1,89,3,50,25,0
8,1,48,5,4,0,2,2,1,92,2,46,17,0
8,5,15,12,4,11,0,2,1,93,33,87,19,0
9,6,8,12,6,0,3,3,1,32,1,10,13,0
0,3,46,5,0,8,3,4,1,58,5,12,13,0
1,3,65,10,5,9,3,3,1,73,33,11,17,0
2,7,68,5,4,4,5,1,1,43,3,16,10,0
6,6,37,9,2,6,2,3,1,21,17,13,33,0
3,4,19,14,5,4,0,4,1,13,13,37,28,0
2,7,49,15,4,6,2,0,1,30,30,20,6,0
4,2,61,9,0,7,1,2,1,8,29,68,4,0
6,0,7,0,6,5,5,4,1,3,32,44,26,0
3,5,53,14,3,10,3,0,1,80,1,89,18,0
2,6,4,4,2,4,0,1,1,88,29,4,27,0
2,3,63,11,4,4,5,2,1,51,27,30,30,0
3,7,35,7,3,11,0,0,1,1,17,75,33,0
2,4,0,12,1,6,1,4,1,61,8,14,37,0
3,2,10,13,2,7,1,2,1,9,36,42,28,0
2,1,29,13,5,2,1,1,1,74,32,63,18,0
3,1,59,13,4,4,3,1,1,70,24,37,21,0
6,2,42,0,5,13,3,3,1,79,37,6,21,0
7,3,57,10,3,13,0,3,1,81,10,14,35,0
4,6,63,10,3,13,1,4,1,29,6,47,3,0
0,7,64,2,5,10,5,2,1,36,7,99,6,0
4,5,59,8,3,5,0,3,1,91,39,35,15,0
0,3,19,7,0,5,4,3,1,85,6,36,17,0
8,3,16,13,0,4,1,1,1,39,11,1,37,0
7,7,55,13,6,2,0,1,1,93,36,58,34,0
9,0,28,9,0,2,3,2,1,97,29,8,39,0
0,7,1,13,1,13,5,0,1,57,1,88,13,0
8,4,37,14,3,3,1,1,1,68,6,17,23,0
5,5,35,1,1,0,5,1,1,8,6,46,36,0
5,4,13,2,6,3,4,1,1,17,0,96,23,0
1,7,45,5,0,2,2,2,1,28,21,47,20,0
4,5,16,8,4,6,5,4,1,11,33,42,22,0
5,6,58,3,2,7,5,2,1,6,39,39,31,0
3,1,1,3,4,0,0,4,1,4,34,92,34,0
9,0,49,10,3,6,2,4,1,82,19,13,15,0
2,3,42,4,6,3,4,2,1,55,17,36,24,0
5,4,31,8,0,3,5,3,1,84,14,46,3,0
9,1,1,9,1,12,2,4,1,40,23,0,31,0
5,3,35,12,3,7,5,1,1,69,11,33,2,0
9,5,37,9,5,12,1,1,1,44,2,94,25,0
3,3,60,3,3,12,1,4,1,83,13,82,10,0
5,6,16,3,4,6,5,0,1,2,4,54,28,0
0,7,13,11,5,5,4,2,1,11,26,33,10,0
7,7,61,10,1,1,0,3,1,99,22,42,36,0
0,7,9,6,6,10,0,4,1,96,0,61,24,0
3,0,52,12,0,0,4,4,1,22,8,96,25,0
9,0,50,6,3,1,3,4,1,5,13,52,0,0
5,3,1,2,6,7,4,2,1,31,21,41,12,0
9,1,41,3,1,5,2,3,1,24,32,20,34,0
2,3,61,8,3,4,5,1,1,8,14,44,27,0
3,7,47,13,1,8,2,0,1,62,32,95,13,0
1,7,2,10,6,11,0,3,1,16,35,24,30,0
3,2,15,15,4,7,2,0,1,92,7,74,30,0
4,6,2,8,6,8,1,4,1,26,15,31,17,0
5,0,9,2,5,2,3,4,1,97,2,4,35,0
2,6,63,5,1,7,5,4,1,5,23,65,37,0
6,4,17,3,2,4,4,2,1,14,11,30,9,0
1,4,38,12,5,4,5,3,1,82,18,22,34,0
1,1,34,15,3,5,3,0,1,58,30,79,29,0
4,1,1,15,4,9,1,0,1,87,16,65,15,0
7,7,47,13,0,2,2,3,1,40,21,27,21,0
7,3,50,3,2,10,3,4,1,86,17,6,31,0
1,2,61,0,6,1,2,0,1,71,15,83,0,0
4,3,28,2,1,12,3,0,1,45,19,23,29,0
0,7,26,11,6,10,3,1,1,20,17,74,36,0
6,4,58,15,0,4,4,2,1,89,26,21,17,0
7,1,14,1,2,2,1,4,1,89,7,85,0,0
5,0,67,15,3,4,5,4,1,3,28,33,17,0
4,4,38,8,2,7,4,3,1,56,6,2,18,0
3,7,63,7,6,7,4,0,1,27,5,29,33,0
3,4,6,4,2,7,0,2,1,12,6,14,39,0
2,7,26,14,0,13,2,0,1,29,24,82,28,0
2,4,57,8,3,4,5,0,1,62,16,41,19,0
2,7,50,15,1,3,5,2,1,93,7,0,21,0
2,1,39,11,2,8,4,2,1,59,23,14,37,0
2,7,32,8,1,2,0,0,1,31,19,6,28,0
6,0,7,12,2,0,5,2,1,50,1,59,20,0
8,2,58,4,4,3,1,2,1,2,34,49,3,0
3,7,31,11,0,4,4,2,1,24,18,71,25,0
2,1,2,6,6,9,4,0,1,0,20,16,24,0
3,3,11,2,5,10,3,2,1,13,12,23,14,0
3,5,40,7,1,13,5,2,1,4,0,83,5,0
7,5,11,7,1,2,5,0,1,52,26,11,23,0
1,2,56,2,3,3,4,4,1,4,11,56,31,0
0,0,65,7,5,10,3,0,1,66,9,88,24,0
4,5,55,6,4,6,1,1,1,55,29,49,36,0
3,6,15,6,4,11,2,1,1,97,21,3,27,0
6,1,43,3,2,2,2,0,1,62,5,99,17,0
9,6,17,7,3,11,2,1,1,79,28,55,25,0
9,4,47,14,0,1,0,3,1,28,0,90,28,0
4,2,6,11,2,9,0,0,1,86,1,3,4,0
8,6,61,8,2,9,4,4,1,46,38,78,3,0
8,7,17,3,1,13,3,1,1,62,38,31,8,0
1,2,3,15,1,12,0,2,1,79,29,30,6,0
8,4,69,8,4,4,1,1,1,28,1,9,23,0
3,0,5,9,6,9,0,3,1,98,21,73,8,0
3,3,51,2,2,10,5,3,1,59,17,41,6,0
5,2,54,14,3,8,1,4,1,91,17,18,39,0
5,1,61,1,1,9,4,1,1,5,35,16,9,0
8,7,40,13,4,9,1,0,1,16,34,86,22,0
0,5,64,14,3,0,5,0,1,6,30,67,21,0
2,7,26,14,0,7,5,4,1,61,1,64,8,0
4,6,43,9,5,6,2,1,1,55,28,9,13,0
8,1,65,3,6,9,5,1,1,24,39,19,23,0
8,7,36,13,3,4,5,0,1,86,11,77,4,0
8,4,18,15,2,3,2,2,1,12,17,75,7,0
8,2,11,10,6,13,4,3,1,84,26,65,26,0
4,1,39,15,5,0,0,2,1,60,7,9,33,0
5,2,53,11,0,12,1,4,1,4,2,85,6,0
3,1,40,4,6,10,5,4,1,26,7,56,14,0
9,2,5,11,4,5,3,3,1,21,26,1,36,0
6,3,22,11,5,4,1,0,1,91,0,20,22,0
1,7,61,7,3,9,2,0,1,89,10,97,4,0
9,6,27,6,6,12,1,0,1,85,11,52,23,0
2,7,43,10,1,8,2,4,1,36,20,46,16,0
2,4,40,3,0,3,2,3,1,99,11,65,8,0
9,6,38,3,4,10,0,2,1,41,12,97,6,0
1,4,6,7,2,12,2,4,1,76,22,70,29,0
0,2,47,6,6,2,0,1,1,66,28,99,18,0
5,0,19,7,5,10,2,1,1,12,26,7,1,0
4,7,55,9,4,10,2,0,1,63,2,88,37,0
0,7,42,2,0,0,4,3,1,24,26,3,38,0
1,7,51,1,1,9,0,3,1,1,14,12,39,0
3,0,53,8,2,0,1,4,1,33,34,38,5,0
0,1,66,0,2,6,5,3,1,37,15,35,9,0
4,1,46,7,1,5,1,4,1,96,6,56,9,0
9,7,2,8,0,7,4,4,1,31,15,13,35,0
6,5,65,4,4,1,4,1,1,27,14,27,18,0
8,1,39,11,1,1,2,2,1,46,32,90,12,0
8,4,19,3,3,11,0,3,1,61,10,88,18,0
0,0,3,14,6,10,1,3,1,1,34,28,18,0
8,1,47,15,1,6,3,3,1,75,17,76,3,0
9,5,21,2,5,4,0,4,1,7,38,82,26,0
0,0,38,11,2,7,1,4,1,36,14,4,14,0
1,5,25,8,3,7,5,3,1,44,22,49,7,0
3,7,35,9,5,9,0,0,1,39,4,60,28,0
3,3,34,10,3,3,3,4,1,87,7,22,28,0
3,6,41,4,3,4,3,4,1,34,4,54,38,0
5,4,60,4,3,1,1,3,1,22,21,62,14,0
2,6,37,3,1,6,5,2,1,5,1,82,9,0
8,5,10,11,3,10,4,4,1,42,29,62,33,0
8,4,11,4,6,4,1,4,1,78,13,83,13,0
5,7,22,0,4,4,4,2,1,49,39,62,4,0
4,6,63,1,4,9,3,2,1,21,3,67,25,0
0,2,8,10,4,13,2,1,1,41,34,87,19,0
8,2,60,15,4,5,2,1,1,17,28,53,31,0
1,2,20,4,2,5,3,0,1,66,25,3,32,0
7,4,15,13,4,1,2,4,1,74,31,76,0,0
6,1,57,10,5,1,4,1,1,39,3,90,0,0
7,1,66,12,4,3,0,1,1,35,1,32,2,0
9,5,5,9,5,13,0,2,1,71,24,72,6,0
9,1,21,15,2,11,1,2,1,34,31,62,31,0
0,4,56,15,1,13,5,4,1,78,19,81,1,0
0,2,44,14,3,11,3,4,1,21,20,37,0,0
9,0,33,13,5,12,1,4,1,84,14,94,20,0
3,5,60,9,4,0,5,3,1,36,21,33,36,0
2,3,50,7,1,12,2,4,1,95,23,66,28,0
2,0,17,13,1,11,2,0,1,13,3,9,8,0
8,2,16,3,4,2,0,0,1,11,28,42,18,0
8,7,43,13,6,10,1,3,1,96,27,43,30,0
3,5,37,7,5,5,5,4,1,25,11,8,33,0
3,6,38,15,6,2,4,2,1,53,33,78,11,0
7,3,35,12,1,7,0,0,1,46,1,78,17,0
1,5,55,1,1,9,4,1,1,74,7,91,35,0
4,4,45,6,4,8,1,1,1,49,9,78,39,0
7,4,5,1,2,7,3,4,1,27,12,81,27,0
8,5,0,7,2,6,3,3,1,22,31,83,2,0
0,1,22,3,2,13,5,3,1,4,28,97,33,0
8,7,17,10,3,12,2,4,1,77,6,62,38,0
7,7,10,13,2,7,1,1,1,11,27,37,12,0
3,6,13,12,5,10,3,3,1,30,1,54,12,0
7,0,16,9,3,6,0,2,1,48,31,14,26,0
8,6,33,10,6,7,1,3,1,13,23,2,23,0
1,0,46,12,0,6,3,0,1,82,0,19,36,0
4,6,53,6,1,8,1,1,1,61,3,10,8,0
6,5,38,11,3,8,4,3,1,43,1,53,18,0
6,2,25,2,1,4,5,1,1,47,29,98,11,0
5,2,4,9,1,13,2,2,1,48,3,42,14,0
6,1,61,2,4,0,1,4,1,88,19,89,14,0
1,6,38,2,2,13,1,0,1,93,3,56,7,0
6,6,30,15,4,9,5,1,1,30,1,67,17,0
1,2,46,4,1,13,0,4,1,53,24,91,34,0
7,7,6,13,4,1,0,2,1,69,2,21,14,0
8,4,47,14,0,3,1,3,1,67,30,30,7,0
3,2,63,0,6,6,5,1,1,46,38,11,20,0
2,1,43,3,6,4,1,1,1,43,0,54,29,0
2,1,43,9,2,7,4,3,1,44,34,51,30,0
4,3,1,15,0,2,5,1,1,44,7,19,5,0
7,0,65,15,0,11,0,3,1,50,14,24,11,0
0,5,49,15,4,3,0,0,1,25,17,20,14,0
3,5,27,15,6,7,3,2,1,40,32,28,6,0
2,2,57,9,0,4,3,3,1,94,6,60,34,0
1,2,17,5,4,9,0,2,1,39,38,73,38,0
8,2,58,1,4,9,0,0,1,19,2,31,9,0
1,5,9,2,2,9,2,4,1,1,28,82,20,0
9,2,47,6,5,4,0,0,1,80,2,24,25,0
9,0,52,0,5,13,0,3,1,46,25,89,1,0
2,3,26,6,1,10,2,0,1,70,8,40,1,0
4,0,67,0,4,7,5,4,1,21,6,15,31,0
9,6,43,6,3,10,2,4,1,46,26,5,2,0
9,0,67,4,2,12,3,1,1,51,39,38,11,0
2,6,48,6,1,7,4,2,1,36,10,51,21,0
0,6,67,11,1,4,2,2,1,48,18,35,16,0
2,6,61,7,4,4,2,2,1,75,4,63,24,0
7,0,58,11,6,11,2,4,1,28,0,58,19,0
5,1,51,12,1,9,2,1,1,26,34,1,21,0
2,2,60,7,0,13,3,3,1,31,9,48,3,0
1,5,55,14,2,4,4,3,1,24,11,1,17,0
0,7,1,10,5,11,4,1,1,93,0,33,2,0
3,1,33,4,6,11,0,1,1,42,25,24,25,0
1,6,3,9,1,10,0,0,1,81,3,13,22,0
4,0,28,14,6,13,5,4,1,98,31,77,1,0
9,3,35,2,3,13,2,2,1,88,0,30,10,0
4,6,22,6,0,11,0,1,1,52,14,80,29,0
4,0,65,9,3,7,2,4,1,84,36,97,3,0
7,2,39,3,6,13,3,0,1,28,29,66,22,0
8,4,3,4,0,11,3,4,1,31,5,7,3,0
7,5,33,13,5,1,0,3,1,83,22,43,2,0
4,6,52,15,5,5,5,2,1,19,33,19,17,0
2,5,55,14,4,10,0,2,1,14,10,93,23,0
7,5,61,8,0,6,1,2,1,73,39,9,30,0
4,6,56,14,3,0,1,1,1,6,32,14,1,0
6,1,17,7,1,6,3,4,1,41,10,79,34,0
4,0,24,8,1,8,5,3,1,54,14,40,0,0
0,1,32,0,3,4,1,4,1,65,28,27,22,0
8,0,54,8,2,2,1,0,1,28,20,63,6,0
1,5,35,7,6,3,1,3,1,89,0,36,28,0
9,2,4,12,2,1,1,1,1,76,28,99,22,0
4,1,29,0,5,12,1,1,1,75,0,92,23,0
7,0,0,1,3,12,5,2,1,99,19,43,16,0
2,3,40,3,3,5,3,4,1,1,6,90,34,0
8,0,9,11,6,6,4,3,1,54,6,91,25,0
1,5,66,10,2,7,2,1,1,46,2,61,1,0
1,7,12,4,4,4,4,4,1,26,27,26,8,0
3,1,29,3,0,8,5,4,1,83,15,31,27,0
9,7,66,4,6,8,1,0,1,67,4,21,9,0
1,4,31,10,2,1,0,2,1,13,14,64,21,0
4,6,12,5,3,8,1,3,1,48,15,31,30,0
9,3,9,10,2,12,3,0,1,88,34,28,1,0
8,1,24,11,3,6,1,3,1,30,34,93,3,0
9,4,46,14,5,10,4,1,1,71,9,31,35,0
7,1,65,13,0,4,3,2,1,6,3,8,24,0
1,0,64,8,6,2,3,3,1,98,1,71,37,0
5,2,11,13,4,9,0,1,1,82,33,55,2,0
4,4,63,5,3,8,0,2,1,25,36,74,37,0
6,2,0,14,5,9,4,1,1,15,18,73,29,0
8,4,28,10,1,8,4,0,1,21,11,88,35,0
0,6,1,12,2,4,3,2,1,1,25,56,6,0
3,2,61,3,3,6,5,0,1,41,29,37,38,0
1,0,27,14,1,6,4,1,1,53,23,35,34,0
5,7,33,7,4,0,1,2,1,57,6,26,27,0
6,2,4,5,1,8,5,2,1,74,2,36,27,0
2,7,6,7,6,1,0,1,1,17,7,56,10,0
6,2,10,15,6,4,1,4,1,40,39,94,9,0
2,5,59,1,3,10,4,0,1,90,29,59,28,0
0,2,10,12,1,7,1,3,1,98,28,35,31,0
7,0,31,1,4,4,5,4,1,28,13,32,39,0
3,0,25,10,6,2,5,3,1,66,32,77,2,0
5,6,52,6,4,13,2,3,1,51,15,21,10,0
2,6,37,3,0,0,3,1,1,93,19,20,35,0
6,1,50,8,1,4,5,0,1,48,4,8,14,0
8,4,39,2,5,1,0,1,1,81,31,50,10,0
9,0,19,15,4,3,0,0,1,98,31,15,18,0
8,5,35,6,4,0,2,0,1,19,15,33,24,0
7,4,2,3,6,12,5,3,1,2,20,42,6,0
8,4,61,2,1,12,4,0,1,58,23,5,36,0
8,6,3,14,1,2,0,2,1,54,12,45,15,0
3,2,65,2,3,5,5,4,1,67,18,38,12,0
2,0,44,13,1,11,2,0,1,3,0,48,23,0
9,7,40,9,0,0,2,2,1,59,12,5,33,0
0,1,37,6,2,13,3,3,1,87,14,86,33,0
4,7,32,4,5,0,0,0,1,45,7,44,3,0
9,4,29,15,3,5,4,4,1,20,39,18,5,0
8,7,23,14,1,4,3,1,1,34,38,36,8,0
2,4,39,2,4,12,4,3,1,10,32,39,3,0
5,5,27,1,6,5,2,4,1,76,35,7,11,0
1,6,51,13,2,0,0,4,1,98,7,75,22,0
2,7,68,7,4,10,0,0,1,41,20,47,11,0
6,5,60,4,6,6,3,0,1,61,15,8,2,0
3,4,0,6,1,5,1,3,1,86,32,81,36,0
5,7,42,5,0,11,4,1,1,5,18,41,9,0
3,4,1,13,5,11,2,0,1,87,19,23,2,0
3,3,10,15,3,4,1,3,1,18,39,72,23,0
7,4,36,10,4,3,4,4,1,43,6,21,9,0
3,5,23,12,5,7,5,0,1,46,20,46,16,0
8,0,2,14,5,8,4,2,1,31,36,91,30,0
0,6,26,9,2,3,3,4,1,70,21,68,28,0
2,3,55,3,1,3,4,2,1,89,30,96,9,0
3,7,2,11,2,7,3,1,1,94,31,13,11,0
3,6,59,3,4,3,5,3,1,69,11,17,3,0
2,7,1,0,2,8,0,2,1,88,25,93,16,0
0,6,64,14,6,6,4,0,1,51,33,92,28,0
8,7,8,2,5,10,5,2,1,47,5,42,34,0
7,6,9,10,3,3,2,4,1,74,17,36,27,0
9,5,33,6,0,5,1,4,1,28,27,22,24,0
6,2,24,11,0,10,4,2,1,72,20,95,1,0
9,4,52,8,1,3,3,0,1,36,11,34,39,0
7,1,35,1,4,9,0,3,1,10,15,73,32,0
2,7,10,11,5,10,4,0,1,94,19,16,3,0
6,3,57,12,1,8,2,4,1,70,18,63,25,0
9,5,30,15,1,10,0,1,1,57,35,43,35,0
6,2,0,11,0,6,3,3,1,56,30,13,17,0
3,3,28,9,1,6,5,1,1,88,26,31,23,0
9,7,20,10,5,8,3,4,1,16,24,10,11,0
0,1,22,0,0,9,1,3,1,7,23,32,17,0
4,5,2,15,4,8,0,2,1,41,14,91,33,0
0,6,31,7,3,6,2,2,1,62,9,95,8,0
0,7,5,15,3,3,4,2,1,2,20,30,38,0
1,7,54,1,4,1,1,4,1,35,35,2,15,0
0,2,44,4,3,2,5,0,1,64,31,15,34,0
5,0,1,7,4,13,2,4,1,88,32,31,36,0
4,2,26,15,2,4,1,1,1,43,9,58,29,0
7,0,7,2,4,10,5,4,1,24,3,77,9,0
2,6,20,5,5,1,4,0,1,75,13,14,20,0
1,0,27,4,5,4,5,0,1,36,31,49,14,0
3,1,58,9,2,3,3,0,1,31,17,26,33,0
0,4,68,7,6,3,0,1,1,53,4,55,4,0
5,4,52,4,6,10,4,2,1,39,28,98,39,0
3,5,59,11,3,4,4,0,1,46,9,94,39,0
6,6,58,13,3,1,3,1,1,79,15,9,22,0
1,7,67,9,3,11,4,2,1,26,2,26,9,0
2,2,62,4,6,6,4,2,1,62,23,23,24,0
5,6,12,8,5,3,1,1,1,68,35,80,35,0
4,6,22,15,2,13,0,1,1,51,24,70,14,0
3,0,57,10,4,2,2,4,1,34,30,44,34,0
0,2,27,4,0,5,3,1,1,60,6,62,15,0
7,6,56,15,2,0,5,0,1,80,1,65,28,0
5,0,48,2,1,4,5,2,1,90,23,37,9,0
2,1,59,2,2,7,0,4,1,1,0,29,9,0
7,7,12,9,3,0,2,1,1,28,9,8,2,0
7,5,54,3,5,2,4,1,1,45,32,34,31,0
0,5,1,15,4,2,1,3,1,81,19,14,19,0
3,7,27,5,4,5,4,3,1,53,25,66,10,0
6,4,42,7,1,9,4,1,1,89,6,90,22,0
0,6,67,9,6,9,3,2,1,50,29,82,27,0
1,2,54,6,4,3,4,3,1,64,10,1,12,0
0,1,11,4,6,3,4,0,1,12,38,84,32,0
0,6,54,13,6,5,0,2,1,47,22,48,23,0
4,4,67,11,3,12,0,0,1,58,23,70,25,0
0,7,20,4,4,5,3,0,1,5,34,66,0,0
2,7,22,1,1,10,1,3,1,28,26,18,2,0
5,3,0,6,5,12,2,0,1,91,34,18,1,0
8,7,44,0,4,12,0,2,1,41,23,91,39,0
8,5,15,2,1,4,5,2,1,29,16,1,2,0
1,1,40,0,2,13,3,1,1,70,20,31,32,0
2,5,12,1,0,1,2,3,1,13,20,10,11,0
9,1,41,11,6,9,3,3,1,67,23,23,37,0
1,3,48,10,0,13,3,3,1,14,21,50,15,0
7,0,10,13,6,12,0,4,1,53,11,27,12,0
7,5,36,14,1,2,1,4,1,32,35,14,16,0
7,5,9,11,6,4,3,0,1,59,33,65,14,0
6,1,1,12,1,6,5,1,1,70,26,44,34,0
0,1,38,4,0,8,1,3,1,20,4,90,11,0
0,7,40,5,4,13,5,2,1,59,11,22,36,0
8,0,19,9,6,8,0,0,1,40,16,51,24,0
3,0,24,2,1,11,2,0,1,45,31,91,3,0
9,2,2,3,1,5,3,4,1,68,13,24,12,0
8,0,6,1,6,3,4,1,1,74,23,50,8,0
3,2,10,13,0,4,3,3,1,43,34,56,37,0
2,1,13,6,3,4,4,3,1,50,2,3,15,0
9,5,1,13,6,9,5,3,1,83,10,75,24,0
8,5,49,3,3,6,2,3,1,95,1,38,17,0
4,7,39,9,6,2,4,3,1,19,30,92,25,0
7,5,66,15,3,4,2,0,1,32,3,33,35,0
2,6,54,15,5,3,1,2,1,55,6,53,14,0
4,2,10,4,5,2,3,1,1,47,33,63,24,0
5,7,63,5,0,6,4,3,1,66,31,70,35,0
2,5,7,13,6,0,2,4,1,98,25,36,1,0
9,1,32,9,6,0,2,3,1,40,8,41,3,0
7,4,13,12,6,11,0,3,1,82,23,91,25,0
5,1,18,9,1,9,0,4,1,89,24,29,9,0
4,1,62,5,0,13,2,3,1,85,19,61,15,0
8,0,4,10,6,12,2,2,1,44,27,13,0,0
9,7,16,1,5,8,2,3,1,28,5,34,6,0
8,7,32,11,2,7,0,4,1,4,38,25,31,0
7,1,0,11,4,5,5,0,1,44,4,32,32,0
6,7,46,7,6,6,5,1,1,12,0,69,17,0
6,4,61,3,4,9,4,0,1,47,37,79,4,0
8,1,45,1,4,3,4,0,1,21,0,46,12,0
2,4,54,11,0,0,0,3,1,24,7,11,6,0
1,1,55,9,3,4,3,4,1,69,12,13,31,0
9,0,59,8,0,0,0,0,1,93,29,93,26,0
6,4,35,3,6,4,5,3,1,63,27,53,19,0
2,6,42,12,6,12,1,4,1,4,6,4,12,0
6,5,56,8,3,3,4,1,1,39,39,25,1,0
4,3,44,7,4,6,1,2,1,99,32,99,26,0
3,2,1,0,3,2,5,4,1,84,25,63,36,0
1,1,49,9,4,11,4,3,1,26,10,97,6,0
3,3,60,2,6,8,0,4,1,25,37,39,5,0
8,1,26,10,1,1,1,0,1,50,25,88,28,0
3,0,60,11,0,3,4,2,1,9,7,39,4,0
4,0,26,14,4,0,0,1,0,43,19,57,9,1
6,1,1,0,2,5,0,1,0,11,27,16,22,1
4,2,0,0,1,8,1,4,0,6,2,25,0,1
4,3,7,7,5,8,0,1,0,95,33,52,18,1
6,6,1,0,2,5,2,4,0,0,22,18,32,1
4,7,25,13,6,5,3,1,0,89,39,33,39,1
6,7,3,0,6,8,0,3,0,25,36,59,12,1
4,5,49,7,3,8,3,1,0,51,23,89,1,1
4,7,15,12,5,9,0,1,0,91,7,48,27,1
7,7,17,7,6,4,2,3,0,63,8,98,9,1
4,7,26,8,6,0,5,1,0,13,18,13,29,1
7,5,12,7,0,4,2,1,0,6,13,93,3,1
4,2,33,7,2,8,1,0,0,0,31,13,15,1
7,0,9,7,6,4,1,2,0,95,0,24,17,1
4,5,15,10,4,9,1,4,0,58,31,83,36,1
3,3,68,0,2,5,4,1,0,52,11,56,27,1
4,2,51,7,6,8,5,4,0,7,33,59,20,1
4,4,6,7,0,8,1,1,0,37,12,19,19,1
4,2,15,3,0,9,3,3,0,95,27,65,39,1
4,3,4,1,5,0,4,1,0,95,21,54,17,1
4,1,20,7,6,8,1,1,0,70,15,54,10,1
7,0,40,7,5,4,0,3,0,69,37,11,12,1
7,0,49,7,1,4,0,3,0,97,23,95,32,1
7,3,35,7,6,4,0,1,0,24,19,7,18,1
7,1,57,7,5,4,0,1,0,84,39,76,14,1
9,1,59,2,1,4,4,3,0,95,3,50,33,1
3,5,13,5,2,1,1,3,0,76,5,29,12,1
3,2,7,10,3,4,1,0,0,76,14,0,6,1
3,0,25,1,6,8,1,4,0,0,18,70,18,1
3,1,21,10,0,4,5,2,0,65,22,88,22,1
4,2,64,7,5,8,0,1,0,65,29,16,22,1
4,6,22,7,1,8,3,1,0,40,14,32,37,1
7,5,5,3,2,5,1,0,0,96,22,98,12,1
4,1,0,7,4,8,4,3,0,80,2,79,11,1
7,6,4,7,5,4,4,0,0,84,29,33,9,1
7,5,52,7,3,4,5,4,0,0,21,55,1,1
4,3,15,3,2,9,4,2,0,83,25,82,21,1
7,4,36,7,1,4,5,4,0,30,5,78,5,1
4,6,12,12,2,10,2,2,0,7,1,75,16,1
7,2,11,7,5,4,0,2,0,29,18,79,16,1
4,5,24,7,5,8,1,1,0,76,12,41,18,1
4,4,26,12,0,0,5,1,0,80,13,4,33,1
4,6,13,6,6,8,2,3,0,40,22,18,16,1
7,7,5,3,4,5,0,1,0,0,30,24,1,1
4,6,63,7,3,8,4,3,0,27,26,80,15,1
4,4,4,8,3,0,5,1,0,54,24,16,16,1
3,7,15,1,1,5,0,4,0,47,39,15,33,1
4,4,44,7,3,8,0,3,1,21,27,82,6,1
3,5,21,10,2,4,1,0,1,20,39,62,5,1
4,0,66,7,0,8,3,4,1,5,27,3,6,1
6,0,4,13,2,4,1,3,1,81,27,18,13,1
4,3,26,1,0,0,3,1,1,42,31,82,9,1
6,4,12,2,2,0,4,4,1,45,30,30,0,1
4,0,26,8,6,0,3,1,1,96,17,6,0,1
6,6,12,11,6,0,4,2,1,7,5,51,37,1
3,5,30,6,3,8,1,1,1,9,26,48,5,1
7,3,36,7,2,4,0,4,1,5,23,26,11,1
2,5,24,13,5,2,4,4,1,30,34,50,28,1
7,6,57,7,3,4,4,2,1,38,14,27,19,1
3,3,62,8,4,8,0,1,1,48,1,70,7,1
4,4,13,7,5,8,4,0,1,23,15,63,39,1
7,2,5,0,1,5,1,3,1,37,15,29,9,1
7,4,5,8,5,5,2,4,1,13,20,3,33,1
6,3,12,5,0,0,2,0,1,7,37,91,12,1
4,6,67,7,1,8,5,1,1,39,33,16,11,1
7,5,69,7,5,4,4,4,1,72,18,26,34,1
6,5,34,10,5,1,1,0,1,83,5,32,39,1
4,4,32,7,3,8,4,1,1,37,30,88,16,1
4,6,26,4,0,0,0,3,1,63,4,34,37,1
4,6,19,2,1,0,5,4,1,3,7,76,19,1
2,1,7,11,3,10,3,3,1,29,15,34,31,1
6,4,25,1,5,3,0,2,1,27,10,51,28,1
4,1,13,6,5,2,4,4,1,33,5,60,16,1
3,6,22,0,1,3,0,0,1,32,12,44,9,1
6,6,33,12,2,1,2,3,1,59,11,32,5,1
7,7,39,0,0,3,2,1,1,82,32,35,36,1
6,0,12,3,0,0,0,0,1,15,11,7,33,1
4,1,10,6,4,0,3,1,1,69,0,35,3,1
4,7,1,7,6,8,5,4,1,66,32,24,9,1
9,7,28,11,5,4,5,4,1,56,8,50,9,1
6,5,1,0,2,5,1,4,1,84,12,28,18,1
4,3,26,8,2,0,1,0,1,7,7,17,25,1
7,1,47,7,0,4,0,0,1,55,3,92,36,1
4,7,15,6,3,0,3,1,1,21,23,45,22,1
7,7,10,7,6,4,2,0,1,58,26,79,11,1
6,5,68,7,4,1,0,4,1,13,30,32,27,1
4,3,20,1,0,3,4,0,1,23,37,65,33,1
7,6,36,7,6,4,0,4,1,56,33,13,16,1
7,7,65,7,6,4,0,3,1,70,22,45,17,1
6,0,12,15,3,0,0,3,1,94,10,51,5,1
4,3,10,6,4,1,0,0,1,79,36,57,9,1
9,7,44,9,6,4,0,4,1,20,39,50,30,1
7,5,36,7,4,4,3,3,1,52,10,69,38,1
4,0,22,7,4,8,2,3,1,99,23,50,39,1
7,3,5,5,3,5,0,3,1,90,15,18,33,1
4,3,13,6,5,8,4,0,1,12,10,35,9,1
7,0,5,15,5,5,4,1,1,23,27,59,31,1
4,6,58,7,5,8,0,2,1,14,27,14,26,1
4,4,15,0,2,9,1,0,1,18,9,84,34,1
4,1,8,7,1,8,2,4,1,96,37,48,32,1
3,1,67,6,2,8,2,4,1,8,24,70,23,1
7,6,33,7,4,4,1,0,1,1,1,84,17,1
4,4,38,7,6,8,5,1,1,39,3,9,22,1
7,3,35,7,5,4,2,0,1,16,1,19,1,1
4,0,60,7,5,8,3,4,1,6,37,51,28,1
4,2,15,4,0,9,0,2,1,15,18,86,10,1
7,2,53,7,3,4,1,2,1,98,17,36,37,1
4,2,64,7,0,8,4,0,1,70,38,67,10,1
4,6,49,7,4,8,1,4,1,9,3,75,30,1
6,1,12,14,6,0,3,1,1,41,32,17,35,1
4,3,22,7,1,8,1,0,1,40,2,27,25,1
6,2,25,1,2,3,2,2,1,85,4,96,13,1
4,0,26,9,2,0,5,4,1,48,28,30,16,1
7,6,11,7,0,4,0,3,1,42,32,90,0,1
4,0,19,6,3,0,4,3,1,56,7,89,33,1
4,1,15,9,3,9,5,3,1,29,21,75,5,1
7,1,5,3,1,5,3,3,1,79,37,35,6,1
4,1,13,6,6,8,5,1,1,7,31,0,3,1
9,0,25,5,5,4,0,4,1,26,11,50,17,1
6,4,12,0,4,0,3,3,1,54,0,83,1,1
4,3,14,8,5,1,4,4,1,0,18,52,27,1
4,2,3,0,1,8,1,3,1,65,7,42,21,1
4,7,6,7,2,8,5,1,1,39,24,74,4,1
4,5,46,7,4,8,3,4,1,99,27,37,26,1
4,0,12,7,5,8,1,0,1,37,14,85,5,1
7,1,28,7,6,4,5,4,1,27,0,39,21,1
6,6,1,0,0,5,2,2,1,17,6,53,16,1
6,0,3,0,0,8,0,2,1,93,3,36,33,1
6,7,12,3,0,0,1,0,1,78,29,79,39,1
3,5,53,15,2,8,2,0,1,85,2,70,16,1
4,4,50,0,3,2,3,2,1,93,2,72,20,1
7,0,46,7,2,4,1,3,1,85,37,24,17,1
4,1,15,0,4,8,0,4,1,78,28,97,12,1
7,5,28,7,5,4,0,1,1,21,1,35,13,1
4,4,25,13,6,5,1,1,1,46,31,87,20,1
4,1,60,7,6,8,3,3,1,73,13,57,8,1
7,5,67,7,0,4,3,4,1,0,23,20,8,1
4,6,59,7,2,8,2,2,1,0,31,24,4,1
6,7,11,10,6,5,3,3,1,15,5,45,27,1
6,0,37,10,3,5,0,1,1,71,7,38,30,1
4,3,15,8,5,9,5,0,1,47,16,76,33,1
4,4,51,6,5,2,1,0,1,52,13,56,5,1
7,1,20,7,1,4,2,3,1,36,8,59,10,1
4,5,26,12,2,0,4,3,1,27,23,51,9,1
4,3,68,7,4,8,5,4,1,64,23,38,10,1
7,6,57,7,6,4,2,1,1,28,4,59,34,1
3,3,14,1,4,12,0,4,1,85,34,93,34,1
7,4,42,7,0,4,2,1,1,39,6,61,11,1
