6,2,68,10,0,9,5,2,0,71,25,50,23,1
6,2,68,10,0,9,5,2,1,71,25,50,23,0
4,4,21,10,6,13,4,2,0,73,35,50,7,1
4,4,21,10,6,13,4,2,1,73,35,50,7,0
3,1,64,3,0,1,1,1,0,88,13,10,3,1
3,1,64,3,0,1,1,1,1,88,13,10,3,0
7,7,65,3,0,5,0,1,0,57,11,10,25,1
7,7,65,3,0,5,0,1,1,57,11,10,25,0
0,0,69,3,1,4,0,1,0,24,8,10,0,1
0,0,69,3,1,4,0,1,1,24,8,10,0,0
2,7,65,10,6,4,2,2,0,49,32,50,11,1
2,7,65,10,6,4,2,2,1,49,32,50,11,0
9,5,19,3,2,5,3,1,0,47,4,10,35,1
9,5,19,3,2,5,3,1,1,47,4,10,35,0
4,5,60,3,4,4,1,1,0,78,2,10,26,1
4,5,60,3,4,4,1,1,1,78,2,10,26,0
1,7,24,12,5,0,3,0,0,48,3,12,0,0
1,7,24,12,5,0,3,0,1,48,3,12,0,0
4,6,69,14,3,12,2,0,0,75,1,6,3,0
4,6,69,14,3,12,2,0,1,75,1,6,3,0
8,7,36,13,4,6,5,0,0,35,33,81,31,0
8,7,36,13,4,6,5,0,1,35,33,81,31,0
7,0,62,5,0,2,1,1,0,99,17,78,22,0
7,0,62,5,0,2,1,1,1,99,17,78,22,0
1,2,44,1,3,11,2,3,0,89,25,26,39,0
1,2,44,1,3,11,2,3,1,89,25,26,39,0
2,7,61,3,6,1,1,4,0,68,7,55,18,0
2,7,61,3,6,1,1,4,1,68,7,55,18,0
1,2,30,3,1,3,0,2,0,92,39,40,9,0
1,2,30,3,1,3,0,2,1,92,39,40,9,0
1,1,16,9,5,2,4,4,0,12,32,70,36,0
1,1,16,9,5,2,4,4,1,12,32,70,36,0
1,6,2,3,5,13,3,4,0,59,1,8,6,0
1,6,2,3,5,13,3,4,1,59,1,8,6,0
7,1,59,2,2,2,0,3,0,60,39,96,23,0
7,1,59,2,2,2,0,3,1,60,39,96,23,0
3,0,27,1,6,6,2,4,0,38,2,57,32,0
3,0,27,1,6,6,2,4,1,38,2,57,32,0
3,1,35,9,4,12,3,3,0,98,15,58,16,0
3,1,35,9,4,12,3,3,1,98,15,58,16,0
5,4,46,4,6,11,2,4,0,38,21,30,21,0
5,4,46,4,6,11,2,4,1,38,21,30,21,0
3,1,9,14,6,3,4,0,0,2,3,10,31,0
3,1,9,14,6,3,4,0,1,2,3,10,31,0
2,7,21,7,5,3,1,4,0,62,4,19,22,0
2,7,21,7,5,3,1,4,1,62,4,19,22,0
3,6,52,11,2,7,0,3,0,33,15,59,8,0
3,6,52,11,2,7,0,3,1,33,15,59,8,0
3,0,53,7,4,8,4,0,0,61,22,25,34,0
3,0,53,7,4,8,4,0,1,61,22,25,34,0
4,7,36,10,6,12,0,4,0,53,32,62,21,0
4,7,36,10,6,12,0,4,1,53,32,62,21,0
9,1,17,15,2,8,0,0,0,44,29,72,10,0
9,1,17,15,2,8,0,0,1,44,29,72,10,0
9,7,21,13,6,3,2,0,0,88,39,86,2,0
9,7,21,13,6,3,2,0,1,88,39,86,2,0
8,3,38,9,4,9,3,2,0,25,7,45,7,0
8,3,38,9,4,9,3,2,1,25,7,45,7,0
7,6,61,9,3,3,2,0,0,3,18,1,6,0
7,6,61,9,3,3,2,0,1,3,18,1,6,0
3,5,30,13,3,11,2,4,0,28,16,39,19,0
3,5,30,13,3,11,2,4,1,28,16,39,19,0
8,2,13,0,5,2,0,3,0,30,22,27,34,1
8,2,13,0,5,2,0,3,1,30,22,27,34,1
5,3,17,11,0,13,2,2,0,50,18,76,7,0
5,3,17,11,0,13,2,2,1,50,18,76,7,0
0,4,62,12,5,4,0,0,0,70,36,22,13,0
0,4,62,12,5,4,0,0,1,70,36,22,13,0
0,3,25,3,0,13,1,4,0,27,38,85,20,0
0,3,25,3,0,13,1,4,1,27,38,85,20,0
7,7,46,1,4,8,4,0,0,60,2,38,36,0
7,7,46,1,4,8,4,0,1,60,2,38,36,0
0,3,53,13,0,9,5,4,0,59,0,54,7,0
0,3,53,13,0,9,5,4,1,59,0,54,7,0
5,6,19,8,3,7,2,1,0,56,30,84,8,0
5,6,19,8,3,7,2,1,1,56,30,84,8,0
5,3,19,12,0,0,0,1,0,58,25,88,3,0
5,3,19,12,0,0,0,1,1,58,25,88,3,0
8,5,44,11,1,4,0,0,0,17,37,42,6,0
8,5,44,11,1,4,0,0,1,17,37,42,6,0
3,7,51,2,2,12,3,3,0,36,24,95,31,0
3,7,51,2,2,12,3,3,1,36,24,95,31,0
9,3,24,12,4,13,0,2,0,99,21,97,23,0
9,3,24,12,4,13,0,2,1,99,21,97,23,0
1,5,34,1,0,4,5,2,0,10,20,94,35,0
1,5,34,1,0,4,5,2,1,10,20,94,35,0
2,6,1,7,6,9,3,1,0,78,22,64,13,0
2,6,1,7,6,9,3,1,1,78,22,64,13,0
7,6,4,13,0,1,0,0,0,60,15,93,25,0
7,6,4,13,0,1,0,0,1,60,15,93,25,0
4,2,49,10,0,8,2,3,0,83,22,12,35,0
4,2,49,10,0,8,2,3,1,83,22,12,35,0
3,2,22,13,0,10,1,0,0,59,11,28,9,0
3,2,22,13,0,10,1,0,1,59,11,28,9,0
8,2,21,7,6,8,3,2,0,77,39,51,1,0
8,2,21,7,6,8,3,2,1,77,39,51,1,0
5,1,32,9,0,8,3,2,0,20,16,2,5,0
5,1,32,9,0,8,3,2,1,20,16,2,5,0
7,2,54,3,0,8,3,3,0,7,28,7,8,0
7,2,54,3,0,8,3,3,1,7,28,7,8,0
7,1,69,11,5,1,5,2,0,3,11,36,14,0
7,1,69,11,5,1,5,2,1,3,11,36,14,0
8,3,28,6,0,13,2,3,0,4,6,28,8,0
8,3,28,6,0,13,2,3,1,4,6,28,8,0
5,6,26,9,6,8,1,4,0,50,6,9,36,0
5,6,26,9,6,8,1,4,1,50,6,9,36,0
6,1,44,7,1,9,0,1,0,86,15,82,39,0
6,1,44,7,1,9,0,1,1,86,15,82,39,0
3,5,46,11,0,8,2,0,0,75,34,96,33,0
3,5,46,11,0,8,2,0,1,75,34,96,33,0
1,5,46,12,2,4,3,1,0,50,0,37,25,0
1,5,46,12,2,4,3,1,1,50,0,37,25,0
4,0,37,0,5,4,2,0,0,24,36,81,1,0
4,0,37,0,5,4,2,0,1,24,36,81,1,0
5,3,62,15,3,9,2,2,0,21,19,35,14,0
5,3,62,15,3,9,2,2,1,21,19,35,14,0
1,5,44,11,6,4,4,0,0,96,18,76,0,0
1,5,44,11,6,4,4,0,1,96,18,76,0,0
5,2,44,11,6,9,0,4,0,96,4,72,12,0
5,2,44,11,6,9,0,4,1,96,4,72,12,0
0,3,30,6,2,5,2,4,0,51,4,13,2,0
0,3,30,6,2,5,2,4,1,51,4,13,2,0
2,7,28,15,2,9,3,4,0,7,19,1,20,0
2,7,28,15,2,9,3,4,1,7,19,1,20,0
3,2,15,10,5,3,5,1,0,2,34,65,21,1
3,2,15,10,5,3,5,1,1,2,34,65,21,1
9,0,63,5,4,13,2,2,0,73,25,26,39,0
9,0,63,5,4,13,2,2,1,73,25,26,39,0
8,4,17,4,4,4,3,1,0,54,13,29,17,0
8,4,17,4,4,4,3,1,1,54,13,29,17,0
2,5,47,3,6,13,0,3,0,38,8,81,38,0
2,5,47,3,6,13,0,3,1,38,8,81,38,0
2,5,45,11,0,3,2,1,0,96,9,60,31,0
2,5,45,11,0,3,2,1,1,96,9,60,31,0
6,0,45,0,4,6,0,4,0,78,24,35,0,0
6,0,45,0,4,6,0,4,1,78,24,35,0,0
2,1,22,1,6,2,3,0,0,16,18,93,32,0
2,1,22,1,6,2,3,0,1,16,18,93,32,0
2,7,33,12,1,10,1,2,0,3,34,92,31,0
2,7,33,12,1,10,1,2,1,3,34,92,31,0
3,4,20,10,6,5,0,1,0,91,15,56,24,0
3,4,20,10,6,5,0,1,1,91,15,56,24,0
3,2,5,2,0,10,0,4,0,58,39,42,7,0
3,2,5,2,0,10,0,4,1,58,39,42,7,0
9,1,11,11,1,5,5,4,0,6,8,66,28,0
9,1,11,11,1,5,5,4,1,6,8,66,28,0
3,4,27,15,3,3,2,3,0,96,7,27,0,0
3,4,27,15,3,3,2,3,1,96,7,27,0,0
0,3,60,1,2,1,5,4,0,79,13,76,30,0
0,3,60,1,2,1,5,4,1,79,13,76,30,0
6,2,51,8,0,10,0,0,0,84,10,21,23,0
6,2,51,8,0,10,0,0,1,84,10,21,23,0
2,6,12,5,4,11,0,2,0,10,14,89,23,0
2,6,12,5,4,11,0,2,1,10,14,89,23,0
1,7,63,7,4,13,4,2,0,54,39,83,39,0
1,7,63,7,4,13,4,2,1,54,39,83,39,0
3,0,15,11,5,6,5,2,0,18,27,17,32,0
3,0,15,11,5,6,5,2,1,18,27,17,32,0
8,2,21,1,0,4,2,1,0,38,18,93,32,0
8,2,21,1,0,4,2,1,1,38,18,93,32,0
3,5,46,13,1,3,2,1,0,88,5,60,17,0
3,5,46,13,1,3,2,1,1,88,5,60,17,0
8,1,43,15,2,13,0,3,0,60,21,98,19,0
8,1,43,15,2,13,0,3,1,60,21,98,19,0
9,3,16,12,3,10,2,1,0,19,36,97,21,0
9,3,16,12,3,10,2,1,1,19,36,97,21,0
2,6,12,11,5,6,2,2,0,49,24,49,14,0
2,6,12,11,5,6,2,2,1,49,24,49,14,0
0,7,37,4,4,6,1,2,0,95,16,92,1,0
0,7,37,4,4,6,1,2,1,95,16,92,1,0
6,6,34,15,2,2,0,1,0,61,13,36,28,0
6,6,34,15,2,2,0,1,1,61,13,36,28,0
5,4,40,5,0,13,5,0,0,91,16,66,32,0
5,4,40,5,0,13,5,0,1,91,16,66,32,0
7,1,2,13,5,12,1,1,0,87,38,7,38,0
7,1,2,13,5,12,1,1,1,87,38,7,38,0
3,2,54,6,2,5,2,3,0,35,23,27,23,0
3,2,54,6,2,5,2,3,1,35,23,27,23,0
3,5,58,1,6,8,2,3,0,36,20,74,35,0
3,5,58,1,6,8,2,3,1,36,20,74,35,0
2,5,61,5,3,0,0,1,0,24,22,60,3,0
2,5,61,5,3,0,0,1,1,24,22,60,3,0
6,2,66,2,5,12,1,1,0,51,37,94,34,0
6,2,66,2,5,12,1,1,1,51,37,94,34,0
2,4,69,9,5,7,4,1,0,19,4,38,31,0
2,4,69,9,5,7,4,1,1,19,4,38,31,0
5,4,34,7,3,2,0,4,0,6,38,38,38,0
5,4,34,7,3,2,0,4,1,6,38,38,38,0
6,4,48,8,6,11,5,1,0,5,31,36,9,0
6,4,48,8,6,11,5,1,1,5,31,36,9,0
5,5,66,1,4,5,4,4,0,88,31,9,20,0
5,5,66,1,4,5,4,4,1,88,31,9,20,0
0,5,17,14,3,4,4,0,0,67,17,22,22,0
0,5,17,14,3,4,4,0,1,67,17,22,22,0
7,4,28,8,3,8,0,3,0,59,35,85,36,0
7,4,28,8,3,8,0,3,1,59,35,85,36,0
9,6,38,4,2,7,1,1,0,93,29,95,25,0
9,6,38,4,2,7,1,1,1,93,29,95,25,0
1,7,46,10,0,5,4,3,0,35,6,30,14,1
1,7,46,10,0,5,4,3,1,35,6,30,14,1
4,7,64,5,6,1,3,0,0,7,28,96,10,0
4,7,64,5,6,1,3,0,1,7,28,96,10,0
8,4,66,5,3,13,4,2,0,24,23,58,15,0
8,4,66,5,3,13,4,2,1,24,23,58,15,0
6,5,12,3,3,1,2,2,0,65,28,4,21,0
6,5,12,3,3,1,2,2,1,65,28,4,21,0
4,6,63,3,1,2,3,4,0,34,24,74,17,0
4,6,63,3,1,2,3,4,1,34,24,74,17,0
4,4,46,8,5,0,4,3,0,87,30,99,14,0
4,4,46,8,5,0,4,3,1,87,30,99,14,0
4,7,51,7,3,8,5,3,0,8,27,99,4,0
4,7,51,7,3,8,5,3,1,8,27,99,4,0
2,1,45,11,2,10,2,1,0,20,23,95,4,0
2,1,45,11,2,10,2,1,1,20,23,95,4,0
9,2,40,9,1,1,4,3,0,99,16,52,39,0
9,2,40,9,1,1,4,3,1,99,16,52,39,0
0,5,40,6,5,9,2,3,0,82,26,24,2,0
0,5,40,6,5,9,2,3,1,82,26,24,2,0
1,1,16,8,6,6,3,0,0,8,32,12,21,0
1,1,16,8,6,6,3,0,1,8,32,12,21,0
7,4,0,0,4,7,3,1,0,93,3,50,10,0
7,4,0,0,4,7,3,1,1,93,3,50,10,0
4,6,4,10,4,6,4,0,0,17,28,19,14,0
4,6,4,10,4,6,4,0,1,17,28,19,14,0
7,3,58,5,4,13,4,1,0,14,23,41,9,0
7,3,58,5,4,13,4,1,1,14,23,41,9,0
3,2,34,4,6,13,4,0,0,59,31,46,31,0
3,2,34,4,6,13,4,0,1,59,31,46,31,0
6,0,3,1,2,2,3,4,0,82,10,38,2,0
6,0,3,1,2,2,3,4,1,82,10,38,2,0
4,4,38,11,4,1,5,3,0,81,4,27,17,0
4,4,38,11,4,1,5,3,1,81,4,27,17,0
7,7,26,10,2,3,4,3,0,61,18,2,31,0
7,7,26,10,2,3,4,3,1,61,18,2,31,0
2,0,9,2,2,11,5,0,0,51,27,98,38,0
2,0,9,2,2,11,5,0,1,51,27,98,38,0
8,2,21,2,5,12,3,3,0,8,14,82,22,0
8,2,21,2,5,12,3,3,1,8,14,82,22,0
6,7,66,8,2,2,3,2,0,49,36,76,36,0
6,7,66,8,2,2,3,2,1,49,36,76,36,0
2,2,44,1,1,6,0,0,0,2,13,81,28,0
2,2,44,1,1,6,0,0,1,2,13,81,28,0
5,5,40,0,5,9,0,3,0,60,22,45,27,0
5,5,40,0,5,9,0,3,1,60,22,45,27,0
8,1,30,15,6,9,1,2,0,30,34,15,0,0
8,1,30,15,6,9,1,2,1,30,34,15,0,0
6,2,42,10,3,0,3,4,0,45,31,89,14,0
6,2,42,10,3,0,3,4,1,45,31,89,14,0
9,7,53,3,2,13,3,3,0,92,0,22,37,0
9,7,53,3,2,13,3,3,1,92,0,22,37,0
5,5,49,11,2,9,5,0,0,83,19,52,17,0
5,5,49,11,2,9,5,0,1,83,19,52,17,0
6,1,8,1,1,6,1,3,0,16,26,66,23,0
6,1,8,1,1,6,1,3,1,16,26,66,23,0
0,7,12,4,3,6,0,3,0,10,13,15,19,1
0,7,12,4,3,6,0,3,1,10,13,15,19,1
8,2,63,4,0,10,4,0,0,20,29,1,29,0
8,2,63,4,0,10,4,0,1,20,29,1,29,0
2,1,61,15,3,4,0,3,0,5,17,94,19,0
2,1,61,15,3,4,0,3,1,5,17,94,19,0
2,1,66,13,6,1,3,4,0,34,31,70,23,0
2,1,66,13,6,1,3,4,1,34,31,70,23,0
7,6,46,0,4,12,2,1,0,9,18,94,8,0
7,6,46,0,4,12,2,1,1,9,18,94,8,0
0,4,8,6,0,1,4,0,0,81,30,24,25,0
0,4,8,6,0,1,4,0,1,81,30,24,25,0
7,1,33,0,1,2,2,4,0,86,4,91,3,0
7,1,33,0,1,2,2,4,1,86,4,91,3,0
4,7,52,12,3,7,2,4,0,57,26,8,24,0
4,7,52,12,3,7,2,4,1,57,26,8,24,0
3,4,38,3,2,2,4,0,0,53,25,43,29,0
3,4,38,3,2,2,4,0,1,53,25,43,29,0
4,0,56,9,4,12,0,3,0,15,25,31,7,0
4,0,56,9,4,12,0,3,1,15,25,31,7,0
2,2,26,14,3,10,2,3,0,71,0,60,2,0
2,2,26,14,3,10,2,3,1,71,0,60,2,0
3,6,54,10,0,9,3,1,0,58,37,5,6,0
3,6,54,10,0,9,3,1,1,58,37,5,6,0
6,1,39,7,4,3,0,1,0,64,20,14,30,0
6,1,39,7,4,3,0,1,1,64,20,14,30,0
2,2,56,13,4,4,0,3,0,43,4,75,9,1
2,2,56,13,4,4,0,3,1,43,4,75,9,1
9,5,49,5,6,10,2,1,0,81,6,90,38,0
9,5,49,5,6,10,2,1,1,81,6,90,38,0
4,7,6,9,5,4,2,3,0,75,14,26,30,0
4,7,6,9,5,4,2,3,1,75,14,26,30,0
3,2,24,2,4,1,1,1,0,39,30,46,34,0
3,2,24,2,4,1,1,1,1,39,30,46,34,0
2,4,18,8,4,6,3,2,0,85,2,0,31,0
2,4,18,8,4,6,3,2,1,85,2,0,31,0
5,2,44,14,2,4,0,3,0,46,12,14,35,0
5,2,44,14,2,4,0,3,1,46,12,14,35,0
8,4,47,15,5,2,2,4,0,19,4,6,37,0
8,4,47,15,5,2,2,4,1,19,4,6,37,0
9,7,29,5,6,10,4,0,0,16,30,59,34,0
9,7,29,5,6,10,4,0,1,16,30,59,34,0
5,2,41,7,4,8,3,4,0,22,31,73,13,0
5,2,41,7,4,8,3,4,1,22,31,73,13,0
7,0,55,1,4,0,0,1,0,91,9,24,35,0
7,0,55,1,4,0,0,1,1,91,9,24,35,0
1,4,40,1,0,4,5,0,0,85,30,41,11,0
1,4,40,1,0,4,5,0,1,85,30,41,11,0
8,2,64,5,5,8,1,3,0,41,12,48,30,0
8,2,64,5,5,8,1,3,1,41,12,48,30,0
0,2,14,13,0,11,0,1,0,17,5,98,8,0
0,2,14,13,0,11,0,1,1,17,5,98,8,0
1,6,30,4,6,1,2,2,0,45,2,94,19,0
1,6,30,4,6,1,2,2,1,45,2,94,19,0
9,2,37,12,5,7,4,1,0,45,31,97,32,0
9,2,37,12,5,7,4,1,1,45,31,97,32,0
6,7,50,12,2,3,4,3,0,81,22,62,9,1
6,7,50,12,2,3,4,3,1,81,22,62,9,1
5,2,33,2,3,9,5,3,0,52,15,79,25,0
5,2,33,2,3,9,5,3,1,52,15,79,25,0
0,0,9,12,6,6,5,4,0,63,31,23,11,0
0,0,9,12,6,6,5,4,1,63,31,23,11,0
0,2,60,14,4,6,3,0,0,52,16,40,32,0
0,2,60,14,4,6,3,0,1,52,16,40,32,0
2,0,39,9,4,1,2,2,0,14,18,4,18,0
2,0,39,9,4,1,2,2,1,14,18,4,18,0
3,2,57,6,1,8,2,4,0,79,22,38,8,0
3,2,57,6,1,8,2,4,1,79,22,38,8,0
0,7,68,1,2,13,2,1,0,73,3,49,1,0
0,7,68,1,2,13,2,1,1,73,3,49,1,0
