6,7,34,8,4,7,5,0,0,19,39,2,30, -1.0
6,7,34,8,4,7,5,1,0,19,39,2,30, -1.0
6,7,34,8,4,7,5,2,0,19,39,2,30, -1.0
6,7,34,8,4,7,5,3,0,19,39,2,30, -1.0
6,7,34,8,4,7,5,4,0,19,39,2,30, -1.0
6,7,34,8,4,7,5,0,1,19,39,2,30, 1.0
6,7,34,8,4,7,5,1,1,19,39,2,30, 1.0
6,7,34,8,4,7,5,2,1,19,39,2,30, 1.0
6,7,34,8,4,7,5,3,1,19,39,2,30, 1.0
6,7,34,8,4,7,5,4,1,19,39,2,30, 1.0
3,2,2,8,2,7,2,0,0,14,11,21,6, 1.0
3,2,2,8,2,7,2,1,0,14,11,21,6, -1.0
3,2,2,8,2,7,2,2,0,14,11,21,6, -1.0
3,2,2,8,2,7,2,3,0,14,11,21,6, -1.0
3,2,2,8,2,7,2,4,0,14,11,21,6, -1.0
3,2,2,8,2,7,2,0,1,14,11,21,6, 1.0
3,2,2,8,2,7,2,1,1,14,11,21,6, -1.0
3,2,2,8,2,7,2,2,1,14,11,21,6, 1.0
3,2,2,8,2,7,2,3,1,14,11,21,6, 1.0
3,2,2,8,2,7,2,4,1,14,11,21,6, 1.0
7,0,19,3,3,4,4,0,0,28,1,16,15, -1.0
7,0,19,3,3,4,4,1,0,28,1,16,15, 1.0
7,0,19,3,3,4,4,2,0,28,1,16,15, -1.0
7,0,19,3,3,4,4,3,0,28,1,16,15, -1.0
7,0,19,3,3,4,4,4,0,28,1,16,15, -1.0
7,0,19,3,3,4,4,0,1,28,1,16,15, -1.0
7,0,19,3,3,4,4,1,1,28,1,16,15, -1.0
7,0,19,3,3,4,4,2,1,28,1,16,15, 1.0
7,0,19,3,3,4,4,3,1,28,1,16,15, 1.0
7,0,19,3,3,4,4,4,1,28,1,16,15, 1.0
0,4,54,6,2,11,4,0,0,41,17,8,35, -1.0
0,4,54,6,2,11,4,1,0,41,17,8,35, 1.0
0,4,54,6,2,11,4,2,0,41,17,8,35, -1.0
0,4,54,6,2,11,4,3,0,41,17,8,35, -1.0
0,4,54,6,2,11,4,4,0,41,17,8,35, -1.0
0,4,54,6,2,11,4,0,1,41,17,8,35, 1.0
0,4,54,6,2,11,4,1,1,41,17,8,35, 1.0
0,4,54,6,2,11,4,2,1,41,17,8,35, 1.0
0,4,54,6,2,11,4,3,1,41,17,8,35, 1.0
0,4,54,6,2,11,4,4,1,41,17,8,35, 1.0
1,4,60,4,0,13,3,0,0,7,25,6,36, 1.0
1,4,60,4,0,13,3,1,0,7,25,6,36, -1.0
1,4,60,4,0,13,3,2,0,7,25,6,36, -1.0
1,4,60,4,0,13,3,3,0,7,25,6,36, -1.0
1,4,60,4,0,13,3,4,0,7,25,6,36, -1.0
1,4,60,4,0,13,3,0,1,7,25,6,36, 1.0
1,4,60,4,0,13,3,1,1,7,25,6,36, 1.0
1,4,60,4,0,13,3,2,1,7,25,6,36, 1.0
1,4,60,4,0,13,3,3,1,7,25,6,36, 1.0
1,4,60,4,0,13,3,4,1,7,25,6,36, 1.0
1,7,53,14,2,11,3,0,0,14,25,55,20, -1.0
1,7,53,14,2,11,3,1,0,14,25,55,20, 1.0
1,7,53,14,2,11,3,2,0,14,25,55,20, -1.0
1,7,53,14,2,11,3,3,0,14,25,55,20, 1.0
1,7,53,14,2,11,3,4,0,14,25,55,20, 1.0
1,7,53,14,2,11,3,0,1,14,25,55,20, 1.0
1,7,53,14,2,11,3,1,1,14,25,55,20, 1.0
1,7,53,14,2,11,3,2,1,14,25,55,20, 1.0
1,7,53,14,2,11,3,3,1,14,25,55,20, 1.0
1,7,53,14,2,11,3,4,1,14,25,55,20, 1.0
1,5,4,12,3,12,5,0,0,49,10,18,32, -1.0
1,5,4,12,3,12,5,1,0,49,10,18,32, -1.0
1,5,4,12,3,12,5,2,0,49,10,18,32, -1.0
1,5,4,12,3,12,5,3,0,49,10,18,32, 1.0
1,5,4,12,3,12,5,4,0,49,10,18,32, -1.0
1,5,4,12,3,12,5,0,1,49,10,18,32, 1.0
1,5,4,12,3,12,5,1,1,49,10,18,32, 1.0
1,5,4,12,3,12,5,2,1,49,10,18,32, 1.0
1,5,4,12,3,12,5,3,1,49,10,18,32, 1.0
1,5,4,12,3,12,5,4,1,49,10,18,32, 1.0
2,6,63,1,5,6,5,0,0,49,26,43,21, -1.0
2,6,63,1,5,6,5,1,0,49,26,43,21, -1.0
2,6,63,1,5,6,5,2,0,49,26,43,21, -1.0
2,6,63,1,5,6,5,3,0,49,26,43,21, -1.0
2,6,63,1,5,6,5,4,0,49,26,43,21, -1.0
2,6,63,1,5,6,5,0,1,49,26,43,21, 1.0
2,6,63,1,5,6,5,1,1,49,26,43,21, 1.0
2,6,63,1,5,6,5,2,1,49,26,43,21, 1.0
2,6,63,1,5,6,5,3,1,49,26,43,21, 1.0
2,6,63,1,5,6,5,4,1,49,26,43,21, 1.0
1,7,30,2,3,13,0,0,0,7,29,55,3, 1.0
1,7,30,2,3,13,0,1,0,7,29,55,3, -1.0
1,7,30,2,3,13,0,2,0,7,29,55,3, -1.0
1,7,30,2,3,13,0,3,0,7,29,55,3, -1.0
1,7,30,2,3,13,0,4,0,7,29,55,3, -1.0
1,7,30,2,3,13,0,0,1,7,29,55,3, 1.0
1,7,30,2,3,13,0,1,1,7,29,55,3, 1.0
1,7,30,2,3,13,0,2,1,7,29,55,3, 1.0
1,7,30,2,3,13,0,3,1,7,29,55,3, 1.0
1,7,30,2,3,13,0,4,1,7,29,55,3, 1.0
5,0,8,13,4,10,3,0,0,33,21,25,39, -1.0
5,0,8,13,4,10,3,1,0,33,21,25,39, -1.0
5,0,8,13,4,10,3,2,0,33,21,25,39, -1.0
5,0,8,13,4,10,3,3,0,33,21,25,39, -1.0
5,0,8,13,4,10,3,4,0,33,21,25,39, -1.0
5,0,8,13,4,10,3,0,1,33,21,25,39, 1.0
5,0,8,13,4,10,3,1,1,33,21,25,39, 1.0
5,0,8,13,4,10,3,2,1,33,21,25,39, 1.0
5,0,8,13,4,10,3,3,1,33,21,25,39, 1.0
5,0,8,13,4,10,3,4,1,33,21,25,39, 1.0
3,2,14,9,5,8,0,0,0,29,21,62,23, -1.0
3,2,14,9,5,8,0,1,0,29,21,62,23, -1.0
3,2,14,9,5,8,0,2,0,29,21,62,23, 1.0
3,2,14,9,5,8,0,3,0,29,21,62,23, -1.0
3,2,14,9,5,8,0,4,0,29,21,62,23, 1.0
3,2,14,9,5,8,0,0,1,29,21,62,23, 1.0
3,2,14,9,5,8,0,1,1,29,21,62,23, 1.0
3,2,14,9,5,8,0,2,1,29,21,62,23, 1.0
3,2,14,9,5,8,0,3,1,29,21,62,23, 1.0
3,2,14,9,5,8,0,4,1,29,21,62,23, 1.0
6,4,57,2,4,11,3,0,0,18,25,72,34, -1.0
6,4,57,2,4,11,3,1,0,18,25,72,34, 1.0
6,4,57,2,4,11,3,2,0,18,25,72,34, -